Seconds	Dose rate (uSv/h)	Max dose rate (uSv/h)	Status	Time	Comm. error
3834138836	0.073	0.0799	2(O)	16:33	0
3834138896	0.0753	0.0833	2(O)	16:34	0
3834138956	0.0731	0.0819	2(O)	16:35	0
3834139016	0.0763	0.0833	2(O)	16:36	0
3834139076	0.0791	0.0879	2(O)	16:37	0
3834139136	0.0758	0.0819	2(O)	16:38	0
3834139196	0.7455	2.7057	2(O)	16:39	0
3834139256	27.4286	57.1	4(A)	16:40	0
3834139316	56.4216	58.3	4(A)	16:41	0
3834139375	51.4766	53.8	4(A)	16:42	0
3834139436	49.885	51.4	4(A)	16:43	0
3834139496	49.8116	51.3	4(A)	16:44	0
3834139556	50.7966	51.5	4(A)	16:45	0
3834139616	50.9683	51.9	4(A)	16:46	0
3834139676	51.085	51.8	4(A)	16:47	0
3834139736	51.0166	51.8	4(A)	16:48	0
3834139796	50.705	51.4	4(A)	16:49	0
3834139856	50.38	51	4(A)	16:50	0
3834139915	50.35	51.2	4(A)	16:51	0
3834139976	50.28	51.2	4(A)	16:52	0
3834140036	50.4066	51.1	4(A)	16:53	0
3834140096	50.2683	51.1	4(A)	16:54	0
3834140155	50.2983	51	4(A)	16:55	0
3834140216	50.31	51.1	4(A)	16:56	0
3834140276	50.1966	51.1	4(A)	16:57	0
3834140336	50.225	51.3	4(A)	16:58	0
3834140396	50.1683	50.8	4(A)	16:59	0
3834140456	50.055	50.8	4(A)	17:00	0
3834140515	50.2883	51.4	4(A)	17:01	0
3834140576	50.35	51.3	4(A)	17:02	0
3834140636	50.3166	51	4(A)	17:03	0
3834140696	50.2883	51	4(A)	17:04	0
3834140756	50.5133	51.5	4(A)	17:05	0
3834140815	50.3016	51.2	4(A)	17:06	0
3834140876	50.355	51.2	4(A)	17:07	0
3834140936	50.2383	51	4(A)	17:08	0
3834140996	50.2666	51.2	4(A)	17:09	0
3834141055	50.265	51.1	4(A)	17:10	0
3834141116	33.0411	50.8	2(O)	17:11	0
3834141176	0.1093	0.1446	2(O)	17:12	0
3834141236	0.0966	0.1113	2(O)	17:13	0
3834141296	0.0951	0.0993	2(O)	17:14	0
3834141356	0.092	0.0993	2(O)	17:15	0
3834141415	0.0915	0.0966	2(O)	17:16	0
3834141476	0.0905	0.0973	2(O)	17:17	0
3834141536	0.0815	0.0899	2(O)	17:18	0
3834141596	0.0795	0.0886	2(O)	17:19	0
3834141656	0.0868	0.0999	2(O)	17:20	0
3834141716	0.082	0.0886	2(O)	17:21	0
3834141776	0.081	0.0919	2(O)	17:22	0
3834141836	0.0828	0.0933	2(O)	17:23	0
3834141896	0.0825	0.0906	2(O)	17:24	0
3834141956	0.0813	0.0906	2(O)	17:25	0
3834142016	0.0828	0.0873	2(O)	17:26	0
3834142076	0.0793	0.0846	2(O)	17:27	0
3834142136	0.0786	0.0879	2(O)	17:28	0
3834142196	0.0873	0.0939	2(O)	17:29	0
3834142255	30.4571	47.8	3(P)	17:30	0
3834142316	52.215	53.7	4(A)	17:31	0
3834142376	50.445	52.6	4(A)	17:32	0
3834142436	48.975	50.3	4(A)	17:33	0
3834142496	47.9233	49	4(A)	17:34	0
3834142556	48.84	50.3	4(A)	17:35	0
3834142616	49.7733	50.6	4(A)	17:36	0
3834142676	49.7766	50.6	4(A)	17:37	0
3834142735	49.6483	50.3	4(A)	17:38	0
3834142796	49.5183	50.2	4(A)	17:39	0
3834142856	49.435	50.1	4(A)	17:40	0
3834142916	49.36	50.1	4(A)	17:41	0
3834142976	49.2716	50.4	4(A)	17:42	0
3834143035	49.2433	50.2	4(A)	17:43	0
3834143095	49.1633	50.2	4(A)	17:44	0
3834143155	49.335	50	4(A)	17:45	0
3834143215	49.235	50	4(A)	17:46	0
3834143276	49.2433	50.1	4(A)	17:47	0
3834143336	49.2433	50.3	4(A)	17:48	0
3834143396	49.1266	49.9	4(A)	17:49	0
3834143456	49.0933	49.8	4(A)	17:50	0
3834143515	49.11	50	4(A)	17:51	0
3834143576	49.0933	50.1	4(A)	17:52	0
3834143635	49.1783	50.1	4(A)	17:53	0
3834143696	49.195	50	4(A)	17:54	0
3834143756	49.135	49.8	4(A)	17:55	0
3834143816	49.21	50	4(A)	17:56	0
3834143876	48.885	49.7	4(A)	17:57	0
3834143936	48.8166	49.5	4(A)	17:58	0
3834143996	48.895	49.9	4(A)	17:59	0
3834144055	48.7816	49.7	4(A)	18:00	0
3834144116	48.855	50.1	4(A)	18:01	0
3834144176	48.8616	49.8	4(A)	18:02	0
3834144235	48.8233	49.7	4(A)	18:03	0
3834144296	48.8033	49.8	4(A)	18:04	0
3834144356	48.7466	49.7	4(A)	18:05	0
3834144416	48.98	49.8	4(A)	18:06	0
3834144475	48.85	49.8	4(A)	18:07	0
3834144536	48.9216	49.6	4(A)	18:08	0
3834144596	48.8966	49.7	4(A)	18:09	0
3834144656	49.2083	54	4(A)	18:10	0
3834144716	53.7566	54.3	4(A)	18:11	0
3834144775	53.9816	55	4(A)	18:12	0
3834144835	53.7916	54.7	4(A)	18:13	0
3834144896	54.1416	55.1	4(A)	18:14	0
3834144955	54.03	55.3	4(A)	18:15	0
3834145016	54.1166	55	4(A)	18:16	0
3834145076	54.085	55.3	4(A)	18:17	0
3834145135	53.8166	54.8	4(A)	18:18	0
3834145196	53.9066	55.1	4(A)	18:19	0
3834145256	54.035	55.2	4(A)	18:20	0
3834145316	53.7966	54.7	4(A)	18:21	0
3834145375	53.9633	54.7	4(A)	18:22	0
3834145435	53.88	55.1	4(A)	18:23	0
3834145495	54.1066	55	4(A)	18:24	0
3834145555	54.0783	54.8	4(A)	18:25	0
3834145615	49.2533	50	4(A)	18:26	0
3834145675	49.425	50.2	4(A)	18:27	0
3834145735	49.1833	50	4(A)	18:28	0
3834145795	49.275	50.2	4(A)	18:29	0
3834145855	48.9183	50.1	4(A)	18:30	0
3834145915	49.15	49.9	4(A)	18:31	0
3834145975	49.1483	49.9	4(A)	18:32	0
3834146035	49.1166	50.2	4(A)	18:33	0
3834146095	49.2416	51.1	4(A)	18:34	0
3834146155	54.085	54.8	4(A)	18:35	0
3834146215	54.1233	55.2	4(A)	18:36	0
3834146275	54.4433	102	4(A)	18:37	0
3834146335	54.44	72.8999	4(A)	18:38	0
3834146395	53.3216	54.4	4(A)	18:39	0
3834146455	53.3266	54	4(A)	18:40	0
3834146515	53.36	54.1	4(A)	18:41	0
3834146575	53.4016	54.2	4(A)	18:42	0
3834146635	53.4316	54.5	4(A)	18:43	0
3834146695	53.4283	54.4	4(A)	18:44	0
3834146755	53.3783	54.3	4(A)	18:45	0
3834146815	53.415	54.2	4(A)	18:46	0
3834146875	53.4666	54.5	4(A)	18:47	0
3834146935	52.315	53.9	4(A)	18:48	0
3834146994	52.7783	54	4(A)	18:49	0
3834147055	53.2366	53.9	4(A)	18:50	0
3834147115	53.2016	54	4(A)	18:51	0
3834147175	50.9966	55	4(A)	18:52	0
3834147235	46.5666	47.7	4(A)	18:53	0
3834147295	47.3066	48.6	4(A)	18:54	0
3834147355	47.57	48.9	4(A)	18:55	0
3834147414	48.5	49.4	4(A)	18:56	0
3834147475	47.9683	48.8	4(A)	18:57	0
3834147535	48.2483	49.2	4(A)	18:58	0
3834147595	48.375	49.9	4(A)	18:59	0
3834147654	48.3433	49.6	4(A)	19:00	0
3834147715	48.69	49.8	4(A)	19:01	0
3834147775	48.5883	49.4	4(A)	19:02	0
3834147835	48.8233	49.9	4(A)	19:03	0
3834147895	48.9216	49.6	4(A)	19:04	0
3834147955	48.6766	49.9	4(A)	19:05	0
3834148015	47.985	50.3	4(A)	19:06	0
3834148075	46.6883	47.5	4(A)	19:07	0
3834148135	46.6916	47.5	4(A)	19:08	0
3834148195	46.8116	47.7	4(A)	19:09	0
3834148255	46.8	47.8	4(A)	19:10	0
3834148315	46.8416	47.6	4(A)	19:11	0
3834148375	46.7716	47.5	4(A)	19:12	0
3834148434	46.7766	47.5	4(A)	19:13	0
3834148495	46.7383	47.8	4(A)	19:14	0
3834148555	46.7416	47.4	4(A)	19:15	0
3834148615	46.815	47.9	4(A)	19:16	0
3834148675	46.8083	47.5	4(A)	19:17	0
3834148735	46.9483	48.6	4(A)	19:18	0
3834148795	46.7	47.3	4(A)	19:19	0
3834148854	46.6733	47.6	4(A)	19:20	0
3834148914	46.8033	47.6	4(A)	19:21	0
3834148975	46.765	47.5	4(A)	19:22	0
3834149035	46.66	47.3	4(A)	19:23	0
3834149095	46.8016	47.5	4(A)	19:24	0
3834149155	46.7583	47.8	4(A)	19:25	0
3834149215	46.755	47.4	4(A)	19:26	0
3834149275	46.7783	47.5	4(A)	19:27	0
3834149334	46.73	47.5	4(A)	19:28	0
3834149395	46.6916	47.6	4(A)	19:29	0
3834149455	46.6416	47.4	4(A)	19:30	0
3834149515	46.5866	47.3	4(A)	19:31	0
3834149575	46.6666	47.5	4(A)	19:32	0
3834149635	46.7733	47.4	4(A)	19:33	0
3834149695	46.68	47.4	4(A)	19:34	0
3834149755	46.725	47.3	4(A)	19:35	0
3834149815	46.7866	47.6	4(A)	19:36	0
3834149874	47.0316	48	4(A)	19:37	0
3834149934	46.925	48	4(A)	19:38	0
3834149995	47.0016	47.9	4(A)	19:39	0
3834150055	47.1016	48.1	4(A)	19:40	0
3834150115	46.9433	48	4(A)	19:41	0
3834150175	46.9366	48.1	4(A)	19:42	0
3834150235	51.4383	53	4(A)	19:43	0
3834150295	51.5916	52.6	4(A)	19:44	0
3834150355	51.685	52.6	4(A)	19:45	0
3834150415	51.4416	52.1	4(A)	19:46	0
3834150475	80.4433	238	4(A)	19:47	0
3834150535	52.3716	53.5	4(A)	19:48	0
3834150595	51.8316	53.1	4(A)	19:49	0
3834150655	51.7383	52.6	4(A)	19:50	0
3834150714	51.7216	52.4	4(A)	19:51	0
3834150775	51.7316	52.4	4(A)	19:52	0
3834150834	51.6416	52.3	4(A)	19:53	0
3834150895	51.6416	52.5	4(A)	19:54	0
3834150955	51.605	52.2	4(A)	19:55	0
3834151015	51.7266	52.3	4(A)	19:56	0
3834151075	51.7983	52.6	4(A)	19:57	0
3834151134	51.77	52.6	4(A)	19:58	0
3834151195	52.2316	53.8	4(A)	19:59	0
3834151255	53.2433	54.4	4(A)	20:00	0
3834151315	53.2516	54	4(A)	20:01	0
3834151375	53.2383	54	4(A)	20:02	0
3834151434	53.2816	55.5	4(A)	20:03	0
3834151495	52.56	53.7	4(A)	20:04	0
3834151555	51.7433	52.5	4(A)	20:05	0
3834151615	52.8566	54.4	4(A)	20:06	0
3834151675	53.385	54.3	4(A)	20:07	0
3834151735	53.52	55.2	4(A)	20:08	0
3834151795	52.43	54.2	4(A)	20:09	0
3834151855	52.0566	53.9	4(A)	20:10	0
3834151915	53.4066	54.2	4(A)	20:11	0
3834151974	53.2816	54.1	4(A)	20:12	0
3834152035	53.4816	54.2	4(A)	20:13	0
3834152095	121.328	722	4(A)	20:14	0
3834152154	102.915	245	4(A)	20:15	0
3834152215	106.401	206	4(A)	20:16	0
3834152275	109.583	244	4(A)	20:17	0
3834152335	116.203	244	4(A)	20:18	0
3834152395	245.59	434	4(A)	20:19	0
3834152455	80.28	93.2	4(A)	20:20	0
3834152515	53.6966	56.3	4(A)	20:21	0
3834152575	55.17	56.4	4(A)	20:22	0
3834152635	55.195	56.4	4(A)	20:23	0
3834152695	53.025	56.6	4(A)	20:24	0
3834152755	52.49	53.2	4(A)	20:25	0
3834152815	51.7966	52.9	4(A)	20:26	0
3834152875	51.67	52.6	4(A)	20:27	0
3834152934	51.6466	52.6	4(A)	20:28	0
3834152995	51.525	52.6	4(A)	20:29	0
3834153054	51.54	52.4	4(A)	20:30	0
3834153115	51.4633	52.5	4(A)	20:31	0
3834153175	51.5416	52.4	4(A)	20:32	0
3834153235	51.47	52.2	4(A)	20:33	0
3834153295	51.3766	52.4	4(A)	20:34	0
3834153355	51.3716	51.9	4(A)	20:35	0
3834153415	51.4966	52.6	4(A)	20:36	0
3834153475	51.4483	52.6	4(A)	20:37	0
3834153534	51.415	52.1	4(A)	20:38	0
3834153595	51.4666	52.7	4(A)	20:39	0
3834153655	51.4966	52.3	4(A)	20:40	0
3834153715	51.425	52.3	4(A)	20:41	0
3834153774	51.3066	52.5	4(A)	20:42	0
3834153835	47.855	51.8	4(A)	20:43	0
3834153894	47.435	51.7	4(A)	20:44	0
3834153954	47.8766	51.4	4(A)	20:45	0
3834154014	50.8466	52.1	4(A)	20:46	0
3834154075	51.175	52.8	4(A)	20:47	0
3834154135	51.0966	52.3	4(A)	20:48	0
3834154195	51.1116	52.5	4(A)	20:49	0
3834154255	51.065	52.2	4(A)	20:50	0
3834154315	51.25	52.6	4(A)	20:51	0
3834154374	51.5766	53.3	4(A)	20:52	0
3834154435	51.1916	51.9	4(A)	20:53	0
3834154495	51.15	51.8	4(A)	20:54	0
3834154554	51.3183	52.1	4(A)	20:55	0
3834154614	51.2366	52.6	4(A)	20:56	0
3834154675	51.1583	51.8	4(A)	20:57	0
3834154735	51.0983	51.9	4(A)	20:58	0
3834154795	51.1683	51.9	4(A)	20:59	0
3834154855	51.0866	52	4(A)	21:00	0
3834154915	49.7366	52.4	4(A)	21:01	0
3834154975	46.7833	51.7	4(A)	21:02	0
3834155034	47.0416	52.5	4(A)	21:03	0
3834155095	51.6483	54.3	4(A)	21:04	0
3834155155	51.4683	54	4(A)	21:05	0
3834155215	50.8533	51.6	4(A)	21:06	0
3834155275	50.7966	51.5	4(A)	21:07	0
3834155335	51.0483	52.3	4(A)	21:08	0
3834155394	51.14	51.9	4(A)	21:09	0
3834155454	51.185	52	4(A)	21:10	0
3834155514	304.81	432	4(A)	21:11	0
3834155573	432.9	436	4(A)	21:12	0
3834155634	435.1	439	4(A)	21:13	0
3834155693	436.883	442	4(A)	21:14	0
3834155754	437.633	442	4(A)	21:15	0
3834155814	115.9	440	4(A)	21:16	0
3834155874	58.1133	59.6	4(A)	21:17	0
3834155934	56.2316	57.8	4(A)	21:18	0
3834155994	55.0216	56	4(A)	21:19	0
3834156053	54.0666	54.9	4(A)	21:20	0
3834156114	53.345	54.3	4(A)	21:21	0
3834156174	52.8483	53.7	4(A)	21:22	0
3834156233	52.445	53.4	4(A)	21:23	0
3834156294	52.2616	53.2	4(A)	21:24	0
3834156354	52.0833	53.2	4(A)	21:25	0
3834156414	51.9383	53.1	4(A)	21:26	0
3834156474	48.9966	52.9	4(A)	21:27	0
3834156534	52.045	53.5	4(A)	21:28	0
3834156594	51.985	52.9	4(A)	21:29	0
3834156653	51.9183	52.9	4(A)	21:30	0
3834156713	51.9133	53.6	4(A)	21:31	0
3834156774	51.9316	52.8	4(A)	21:32	0
3834156834	51.9216	52.8	4(A)	21:33	0
3834156894	52.3366	54	4(A)	21:34	0
3834156954	51.965	53.2	4(A)	21:35	0
3834157014	51.8833	53	4(A)	21:36	0
3834157074	51.91	53.2	4(A)	21:37	0
3834157134	51.69	53.4	4(A)	21:38	0
3834157194	51.68	53.1	4(A)	21:39	0
3834157254	51.4933	52.3	4(A)	21:40	0
3834157314	51.5216	53.1	4(A)	21:41	0
3834157374	51.5116	53.3	4(A)	21:42	0
3834157434	51.6033	52.8	4(A)	21:43	0
3834157494	51.64	53.1	4(A)	21:44	0
3834157553	51.5883	53.2	4(A)	21:45	0
3834157613	51.4266	52.6	4(A)	21:46	0
3834157674	51.5116	52.8	4(A)	21:47	0
3834157734	51.5566	52.4	4(A)	21:48	0
3834157794	51.6583	52.5	4(A)	21:49	0
3834157854	51.6933	52.7	4(A)	21:50	0
3834157914	51.665	52.4	4(A)	21:51	0
3834157974	51.63	52.6	4(A)	21:52	0
3834158034	51.6683	52.7	4(A)	21:53	0
3834158094	51.7816	52.8	4(A)	21:54	0
3834158154	51.7933	53.1	4(A)	21:55	0
3834158214	51.7433	52.8	4(A)	21:56	0
3834158274	51.7966	53	4(A)	21:57	0
3834158333	51.5666	52.6	4(A)	21:58	0
3834158394	51.8183	53.3	4(A)	21:59	0
3834158453	51.6083	52.5	4(A)	22:00	0
3834158514	51.7	52.6	4(A)	22:01	0
3834158574	51.7833	53.3	4(A)	22:02	0
3834158634	51.6933	52.6	4(A)	22:03	0
3834158694	51.6833	54.2	4(A)	22:04	0
3834158754	51.5283	52.3	4(A)	22:05	0
3834158813	51.66	52.5	4(A)	22:06	0
3834158873	51.5716	52.4	4(A)	22:07	0
3834158934	51.63	52.9	4(A)	22:08	0
3834158994	51.7366	52.5	4(A)	22:09	0
3834159054	51.8533	52.5	4(A)	22:10	0
3834159114	51.77	52.6	4(A)	22:11	0
3834159174	51.785	52.5	4(A)	22:12	0
3834159234	51.8083	52.6	4(A)	22:13	0
3834159294	51.81	52.5	4(A)	22:14	0
3834159354	51.815	52.8	4(A)	22:15	0
3834159414	51.7416	52.4	4(A)	22:16	0
3834159474	51.665	52.7	4(A)	22:17	0
3834159534	51.7116	52.4	4(A)	22:18	0
3834159594	51.7066	52.6	4(A)	22:19	0
3834159653	51.6383	52.4	4(A)	22:20	0
3834159713	51.7533	52.6	4(A)	22:21	0
3834159774	51.6483	53.1	4(A)	22:22	0
3834159834	50.43	52.5	4(A)	22:23	0
3834159893	50.0166	51	4(A)	22:24	0
3834159954	49.895	51.1	4(A)	22:25	0
3834160014	49.8516	50.8	4(A)	22:26	0
3834160074	49.9033	50.7	4(A)	22:27	0
3834160134	50.095	51	4(A)	22:28	0
3834160194	50.8783	51.9	4(A)	22:29	0
3834160253	51.4366	52.2	4(A)	22:30	0
3834160314	51.6466	52.7	4(A)	22:31	0
3834160374	51.6333	52.6	4(A)	22:32	0
3834160433	51.6	52.5	4(A)	22:33	0
3834160494	51.6833	52.7	4(A)	22:34	0
3834160554	51.5533	52.5	4(A)	22:35	0
3834160614	51.63	52.6	4(A)	22:36	0
3834160674	51.72	52.5	4(A)	22:37	0
3834160734	51.75	52.8	4(A)	22:38	0
3834160794	51.72	52.6	4(A)	22:39	0
3834160854	51.81	52.7	4(A)	22:40	0
3834160914	51.6883	52.3	4(A)	22:41	0
3834160974	51.7583	52.5	4(A)	22:42	0
3834161034	51.74	52.7	4(A)	22:43	0
3834161094	51.8816	52.7	4(A)	22:44	0
3834161154	51.8833	52.6	4(A)	22:45	0
3834161214	52.0133	52.7	4(A)	22:46	0
3834161274	51.9533	53	4(A)	22:47	0
3834161334	51.97	52.7	4(A)	22:48	0
3834161394	52.0366	52.8	4(A)	22:49	0
3834161454	52.0383	52.8	4(A)	22:50	0
3834161514	51.98	52.8	4(A)	22:51	0
3834161574	52.0733	53.1	4(A)	22:52	0
3834161634	52.1266	53.3	4(A)	22:53	0
3834161694	51.995	52.7	4(A)	22:54	0
3834161754	51.965	52.9	4(A)	22:55	0
3834161813	52.0116	52.9	4(A)	22:56	0
3834161873	52.0183	52.9	4(A)	22:57	0
3834161934	51.8916	52.6	4(A)	22:58	0
3834161994	51.84	52.7	4(A)	22:59	0
3834162054	51.8566	52.9	4(A)	23:00	0
3834162114	51.8716	53	4(A)	23:01	0
3834162173	51.9316	52.9	4(A)	23:02	0
3834162234	51.97	53	4(A)	23:03	0
3834162294	52.0383	52.9	4(A)	23:04	0
3834162354	52.0416	53	4(A)	23:05	0
3834162413	51.8116	52.5	4(A)	23:06	0
3834162474	51.7533	52.7	4(A)	23:07	0
3834162534	51.7366	52.6	4(A)	23:08	0
3834162594	51.4933	52.2	4(A)	23:09	0
3834162654	51.37	52.4	4(A)	23:10	0
3834162714	51.3483	52.2	4(A)	23:11	0
3834162774	51.4183	52.1	4(A)	23:12	0
3834162834	51.3816	52.3	4(A)	23:13	0
3834162893	51.4016	52.4	4(A)	23:14	0
3834162954	51.275	52.1	4(A)	23:15	0
3834163014	51.3516	52.6	4(A)	23:16	0
3834163073	51.44	52.1	4(A)	23:17	0
3834163134	51.2783	52.5	4(A)	23:18	0
3834163193	51.3716	52.2	4(A)	23:19	0
3834163254	51.2683	51.9	4(A)	23:20	0
3834163314	51.3433	52.5	4(A)	23:21	0
3834163373	51.2833	52.2	4(A)	23:22	0
3834163434	51.2733	52.1	4(A)	23:23	0
3834163493	51.255	52.4	4(A)	23:24	0
3834163554	51.3383	52.2	4(A)	23:25	0
3834163614	51.315	51.9	4(A)	23:26	0
3834163674	51.3666	52.1	4(A)	23:27	0
3834163733	51.45	52.2	4(A)	23:28	0
3834163794	51.665	52.6	4(A)	23:29	0
3834163854	51.43	52.4	4(A)	23:30	0
3834163914	51.3816	52.2	4(A)	23:31	0
3834163974	51.3816	52.1	4(A)	23:32	0
3834164034	51.3533	52.4	4(A)	23:33	0
3834164093	51.3533	52.4	4(A)	23:34	0
3834164153	51.2883	52.2	4(A)	23:35	0
3834164213	51.3583	52.2	4(A)	23:36	0
3834164273	51.4083	52.3	4(A)	23:37	0
3834164334	51.3333	52.4	4(A)	23:38	0
3834164394	51.2316	52.2	4(A)	23:39	0
3834164454	51.335	52.2	4(A)	23:40	0
3834164514	51.2333	52.3	4(A)	23:41	0
3834164573	51.2433	52.2	4(A)	23:42	0
3834164634	51.23	52.6	4(A)	23:43	0
3834164694	51.3133	52.2	4(A)	23:44	0
3834164754	51.1516	51.9	4(A)	23:45	0
3834164814	51.1616	52.2	4(A)	23:46	0
3834164873	51.31	52.1	4(A)	23:47	0
3834164933	51.2733	52.6	4(A)	23:48	0
3834164994	51.1883	52	4(A)	23:49	0
3834165054	51.2333	52.3	4(A)	23:50	0
3834165113	51.275	51.9	4(A)	23:51	0
3834165174	51.16	52	4(A)	23:52	0
3834165234	51.2583	52.3	4(A)	23:53	0
3834165293	51.1633	52.1	4(A)	23:54	0
3834165353	51.2016	52.2	4(A)	23:55	0
3834165414	51.1816	51.8	4(A)	23:56	0
3834165474	51.23	52.2	4(A)	23:57	0
3834165533	51.385	52.1	4(A)	23:58	0
3834165593	51.3166	52.1	4(A)	23:59	0
