Seconds	Dose rate (uSv/h)	Max dose rate (uSv/h)	Status	Time	Comm. error
3834165653	51.3016	52.4	4(A)	00:00	0
3834165712	51.3133	52.4	4(A)	00:01	0
3834165773	51.21	52	4(A)	00:02	0
3834165833	51.1516	52.1	4(A)	00:03	0
3834165892	51.21	52.2	4(A)	00:04	0
3834165953	51.2116	52.2	4(A)	00:05	0
3834166013	51.3966	52.2	4(A)	00:06	0
3834166073	51.2633	52.3	4(A)	00:07	0
3834166133	51.3366	52	4(A)	00:08	0
3834166192	51.38	52.5	4(A)	00:09	0
3834166253	51.4333	52.7	4(A)	00:10	0
3834166312	51.2366	52.1	4(A)	00:11	0
3834166373	51.325	52	4(A)	00:12	0
3834166433	51.3966	52.4	4(A)	00:13	0
3834166493	51.4833	52.2	4(A)	00:14	0
3834166553	51.4066	52.2	4(A)	00:15	0
3834166612	51.3866	52.1	4(A)	00:16	0
3834166673	51.3683	52.5	4(A)	00:17	0
3834166733	51.4566	52.4	4(A)	00:18	0
3834166792	51.3766	52.3	4(A)	00:19	0
3834166853	51.3333	52	4(A)	00:20	0
3834166913	51.3183	52.5	4(A)	00:21	0
3834166973	51.3866	52.3	4(A)	00:22	0
3834167033	51.3383	52	4(A)	00:23	0
3834167093	51.5066	52.5	4(A)	00:24	0
3834167153	51.54	52.4	4(A)	00:25	0
3834167213	51.74	52.9	4(A)	00:26	0
3834167273	51.655	52.7	4(A)	00:27	0
3834167333	51.76	52.5	4(A)	00:28	0
3834167393	51.7433	52.5	4(A)	00:29	0
3834167453	51.5966	52.4	4(A)	00:30	0
3834167513	51.595	52.2	4(A)	00:31	0
3834167573	51.59	52.5	4(A)	00:32	0
3834167633	51.645	52.5	4(A)	00:33	0
3834167692	51.47	52.4	4(A)	00:34	0
3834167752	51.4716	52.4	4(A)	00:35	0
3834167813	51.5183	52.1	4(A)	00:36	0
3834167872	51.41	52.2	4(A)	00:37	0
3834167933	51.5	52.6	4(A)	00:38	0
3834167992	51.7783	53.6	4(A)	00:39	0
3834168053	51.6516	52.6	4(A)	00:40	0
3834168113	51.6333	52.4	4(A)	00:41	0
3834168172	51.585	52.4	4(A)	00:42	0
3834168233	51.6366	52.6	4(A)	00:43	0
3834168293	51.7183	52.5	4(A)	00:44	0
3834168352	51.735	52.6	4(A)	00:45	0
3834168413	51.885	52.8	4(A)	00:46	0
3834168473	51.9616	52.7	4(A)	00:47	0
3834168533	52.0716	52.9	4(A)	00:48	0
3834168592	51.7683	53.1	4(A)	00:49	0
3834168653	51.7333	52.8	4(A)	00:50	0
3834168713	51.7616	52.5	4(A)	00:51	0
3834168773	51.6883	52.4	4(A)	00:52	0
3834168833	51.7366	52.6	4(A)	00:53	0
3834168892	51.7333	52.5	4(A)	00:54	0
3834168953	51.7833	52.4	4(A)	00:55	0
3834169013	51.81	52.5	4(A)	00:56	0
3834169072	51.8466	52.9	4(A)	00:57	0
3834169132	51.8983	52.8	4(A)	00:58	0
3834169193	51.905	52.8	4(A)	00:59	0
3834169252	51.94	52.6	4(A)	01:00	0
3834169312	51.755	52.6	4(A)	01:01	0
3834169373	51.7216	53	4(A)	01:02	0
3834169432	51.7666	52.7	4(A)	01:03	0
3834169493	51.7616	52.3	4(A)	01:04	0
3834169553	51.8983	52.9	4(A)	01:05	0
3834169613	51.8833	52.6	4(A)	01:06	0
3834169672	51.915	52.7	4(A)	01:07	0
3834169732	51.9083	52.5	4(A)	01:08	0
3834169793	51.9683	53.1	4(A)	01:09	0
3834169853	51.8616	52.9	4(A)	01:10	0
3834169913	51.7983	53	4(A)	01:11	0
3834169973	51.9083	52.7	4(A)	01:12	0
3834170033	51.79	52.6	4(A)	01:13	0
3834170093	51.91	52.8	4(A)	01:14	0
3834170153	51.75	52.8	4(A)	01:15	0
3834170212	51.765	52.5	4(A)	01:16	0
3834170273	51.7066	52.5	4(A)	01:17	0
3834170332	51.8616	52.6	4(A)	01:18	0
3834170393	51.62	52.6	4(A)	01:19	0
3834170453	51.765	52.8	4(A)	01:20	0
3834170513	52.0533	52.9	4(A)	01:21	0
3834170573	52.0833	52.9	4(A)	01:22	0
3834170633	51.8616	52.7	4(A)	01:23	0
3834170693	52.01	52.9	4(A)	01:24	0
3834170753	51.7666	52.5	4(A)	01:25	0
3834170813	51.735	52.5	4(A)	01:26	0
3834170872	51.76	52.4	4(A)	01:27	0
3834170933	51.705	52.4	4(A)	01:28	0
3834170992	51.7433	52.7	4(A)	01:29	0
3834171053	51.7	52.5	4(A)	01:30	0
3834171113	51.6416	52.9	4(A)	01:31	0
3834171173	51.7833	52.5	4(A)	01:32	0
3834171233	51.6833	52.9	4(A)	01:33	0
3834171293	51.6666	52.4	4(A)	01:34	0
3834171353	51.81	52.7	4(A)	01:35	0
3834171413	51.7233	52.5	4(A)	01:36	0
3834171472	51.75	52.6	4(A)	01:37	0
3834171532	51.845	52.5	4(A)	01:38	0
3834171593	51.685	52.5	4(A)	01:39	0
3834171652	51.4483	52.8	4(A)	01:40	0
3834171713	46.7466	47.7	4(A)	01:41	0
3834171773	46.7183	47.5	4(A)	01:42	0
3834171833	46.71	47.5	4(A)	01:43	0
3834171893	46.795	47.5	4(A)	01:44	0
3834171952	46.725	47.5	4(A)	01:45	0
3834172013	46.7216	47.6	4(A)	01:46	0
3834172073	46.6616	47.7	4(A)	01:47	0
3834172133	46.6216	47.6	4(A)	01:48	0
3834172192	46.64	47.6	4(A)	01:49	0
3834172253	46.6433	47.4	4(A)	01:50	0
3834172313	46.665	47.8	4(A)	01:51	0
3834172373	46.705	47.4	4(A)	01:52	0
3834172433	46.7766	47.5	4(A)	01:53	0
3834172493	46.7433	47.5	4(A)	01:54	0
3834172552	46.8183	47.6	4(A)	01:55	0
3834172612	46.8216	47.5	4(A)	01:56	0
3834172673	46.7983	47.5	4(A)	01:57	0
3834172733	46.7483	47.6	4(A)	01:58	0
3834172792	46.74	47.7	4(A)	01:59	0
3834172853	46.63	47.8	4(A)	02:00	0
3834172913	46.7533	47.6	4(A)	02:01	0
3834172972	46.8383	47.5	4(A)	02:02	0
3834173033	46.8133	47.6	4(A)	02:03	0
3834173092	46.8733	47.7	4(A)	02:04	0
3834173153	49.9316	52.7	4(A)	02:05	0
3834173212	51.9516	52.7	4(A)	02:06	0
3834173273	51.72	52.4	4(A)	02:07	0
3834173333	51.8016	52.7	4(A)	02:08	0
3834173392	51.77	52.6	4(A)	02:09	0
3834173453	51.835	52.8	4(A)	02:10	0
3834173512	51.905	52.8	4(A)	02:11	0
3834173573	51.8283	52.6	4(A)	02:12	0
3834173633	51.825	52.6	4(A)	02:13	0
3834173693	51.8683	52.7	4(A)	02:14	0
3834173753	51.835	52.6	4(A)	02:15	0
3834173813	51.9133	52.7	4(A)	02:16	0
3834173872	51.7316	52.3	4(A)	02:17	0
3834173932	51.8433	52.8	4(A)	02:18	0
3834173993	51.7566	52.4	4(A)	02:19	0
3834174052	51.9266	53	4(A)	02:20	0
3834174113	51.905	52.7	4(A)	02:21	0
3834174173	51.865	52.9	4(A)	02:22	0
3834174233	51.8183	52.6	4(A)	02:23	0
3834174292	51.7583	52.5	4(A)	02:24	0
3834174353	51.7416	52.6	4(A)	02:25	0
3834174413	51.7333	52.6	4(A)	02:26	0
3834174472	51.6	52.3	4(A)	02:27	0
3834174533	51.8233	52.7	4(A)	02:28	0
3834174593	51.785	52.7	4(A)	02:29	0
3834174653	51.97	52.8	4(A)	02:30	0
3834174713	51.8433	52.8	4(A)	02:31	0
3834174773	51.9	52.6	4(A)	02:32	0
3834174833	51.875	52.6	4(A)	02:33	0
3834174893	51.8566	52.7	4(A)	02:34	0
3834174952	51.9	52.9	4(A)	02:35	0
3834175012	51.8316	52.9	4(A)	02:36	0
3834175072	51.855	52.5	4(A)	02:37	0
3834175133	51.8633	52.8	4(A)	02:38	0
3834175193	51.8883	52.8	4(A)	02:39	0
3834175253	51.8316	52.4	4(A)	02:40	0
3834175312	51.995	53.1	4(A)	02:41	0
3834175373	51.9816	52.6	4(A)	02:42	0
3834175433	52.1683	53.2	4(A)	02:43	0
3834175492	52.0283	53.1	4(A)	02:44	0
3834175553	51.9266	53.4	4(A)	02:45	0
3834175612	52.0816	53	4(A)	02:46	0
3834175672	51.8816	52.7	4(A)	02:47	0
3834175732	51.9083	53.3	4(A)	02:48	0
3834175791	51.8116	52.6	4(A)	02:49	0
3834175852	51.795	52.6	4(A)	02:50	0
3834175911	51.82	52.7	4(A)	02:51	0
3834175972	51.965	52.9	4(A)	02:52	0
3834176031	51.8	52.6	4(A)	02:53	0
3834176092	51.845	52.6	4(A)	02:54	0
3834176152	51.8583	53	4(A)	02:55	0
3834176212	51.785	52.4	4(A)	02:56	0
3834176272	51.73	52.6	4(A)	02:57	0
3834176332	51.765	53	4(A)	02:58	0
3834176392	51.715	52.3	4(A)	02:59	0
3834176451	51.7333	52.6	4(A)	03:00	0
3834176512	51.5716	52.6	4(A)	03:01	0
3834176572	51.6333	52.5	4(A)	03:02	0
3834176632	51.565	52.6	4(A)	03:03	0
3834176692	51.655	52.2	4(A)	03:04	0
3834176752	51.6433	52.6	4(A)	03:05	0
3834176811	51.8	52.6	4(A)	03:06	0
3834176872	51.8266	52.6	4(A)	03:07	0
3834176932	51.765	52.4	4(A)	03:08	0
3834176991	51.72	52.6	4(A)	03:09	0
3834177051	51.6666	52.7	4(A)	03:10	0
3834177111	51.8216	52.5	4(A)	03:11	0
3834177171	51.7716	52.7	4(A)	03:12	0
3834177231	51.6883	52.5	4(A)	03:13	0
3834177292	51.66	52.4	4(A)	03:14	0
3834177351	51.7	52.4	4(A)	03:15	0
3834177412	51.67	52.4	4(A)	03:16	0
3834177471	51.6666	52.6	4(A)	03:17	0
3834177531	51.6733	52.4	4(A)	03:18	0
3834177592	51.7516	52.5	4(A)	03:19	0
3834177652	51.8	52.7	4(A)	03:20	0
3834177712	51.8216	52.7	4(A)	03:21	0
3834177772	51.6866	52.8	4(A)	03:22	0
3834177832	51.6583	52.6	4(A)	03:23	0
3834177891	51.58	52.6	4(A)	03:24	0
3834177952	51.475	52.2	4(A)	03:25	0
3834178012	51.5433	52.4	4(A)	03:26	0
3834178072	51.4616	52.8	4(A)	03:27	0
3834178132	51.63	52.6	4(A)	03:28	0
3834178192	51.435	52.3	4(A)	03:29	0
3834178252	51.39	52.2	4(A)	03:30	0
3834178312	51.4733	52.7	4(A)	03:31	0
3834178372	51.6216	52.8	4(A)	03:32	0
3834178432	51.6133	52.5	4(A)	03:33	0
3834178492	51.4833	52.3	4(A)	03:34	0
3834178552	51.48	52.2	4(A)	03:35	0
3834178612	51.42	52.4	4(A)	03:36	0
3834178671	51.4116	52.3	4(A)	03:37	0
3834178731	51.4516	52.3	4(A)	03:38	0
3834178791	51.4033	52.4	4(A)	03:39	0
3834178852	51.5166	52.3	4(A)	03:40	0
3834178912	51.5066	52.3	4(A)	03:41	0
3834178971	51.5	52.3	4(A)	03:42	0
3834179032	51.61	52.7	4(A)	03:43	0
3834179092	51.5783	52.4	4(A)	03:44	0
3834179151	51.56	52.5	4(A)	03:45	0
3834179212	51.665	52.3	4(A)	03:46	0
3834179272	51.725	52.6	4(A)	03:47	0
3834179332	51.5966	52.5	4(A)	03:48	0
3834179392	51.605	52.5	4(A)	03:49	0
3834179452	51.6066	52.4	4(A)	03:50	0
3834179512	51.7516	52.7	4(A)	03:51	0
3834179572	51.7733	52.5	4(A)	03:52	0
3834179632	51.66	52.4	4(A)	03:53	0
3834179692	51.715	52.7	4(A)	03:54	0
3834179751	51.62	52.3	4(A)	03:55	0
3834179812	51.5266	52.3	4(A)	03:56	0
3834179871	51.52	52.2	4(A)	03:57	0
3834179932	51.5266	52.3	4(A)	03:58	0
3834179992	51.725	52.5	4(A)	03:59	0
3834180052	51.6733	52.5	4(A)	04:00	0
3834180112	51.6316	53	4(A)	04:01	0
3834180171	51.6483	52.3	4(A)	04:02	0
3834180232	51.95	52.5	4(A)	04:03	0
3834180291	51.71	52.7	4(A)	04:04	0
3834180352	51.7133	52.4	4(A)	04:05	0
3834180412	51.7983	52.7	4(A)	04:06	0
3834180471	51.9033	53.1	4(A)	04:07	0
3834180532	51.685	52.5	4(A)	04:08	0
3834180591	51.855	52.7	4(A)	04:09	0
3834180652	51.795	52.6	4(A)	04:10	0
3834180712	51.645	52.6	4(A)	04:11	0
3834180772	51.665	52.6	4(A)	04:12	0
3834180832	51.6883	52.4	4(A)	04:13	0
3834180891	51.6666	52.6	4(A)	04:14	0
3834180952	51.8933	52.7	4(A)	04:15	0
3834181012	52.0133	53.1	4(A)	04:16	0
3834181071	51.8816	52.8	4(A)	04:17	0
3834181132	51.8866	52.7	4(A)	04:18	0
3834181191	51.8883	52.9	4(A)	04:19	0
3834181252	51.9366	52.7	4(A)	04:20	0
3834181311	51.9166	53.1	4(A)	04:21	0
3834181372	51.9033	52.8	4(A)	04:22	0
3834181432	51.8	52.8	4(A)	04:23	0
3834181491	51.9916	52.9	4(A)	04:24	0
3834181551	51.8616	53.2	4(A)	04:25	0
3834181611	51.9866	52.7	4(A)	04:26	0
3834181671	51.9383	52.7	4(A)	04:27	0
3834181732	51.9383	52.7	4(A)	04:28	0
3834181792	51.7733	52.7	4(A)	04:29	0
3834181852	51.6933	52.6	4(A)	04:30	0
3834181912	51.715	52.7	4(A)	04:31	0
3834181971	51.5983	52.4	4(A)	04:32	0
3834182032	51.7016	52.5	4(A)	04:33	0
3834182091	51.6883	52.5	4(A)	04:34	0
3834182152	51.6933	52.5	4(A)	04:35	0
3834182211	51.6683	52.6	4(A)	04:36	0
3834182271	51.69	52.5	4(A)	04:37	0
3834182332	51.6866	52.4	4(A)	04:38	0
3834182391	51.6516	52.4	4(A)	04:39	0
3834182452	51.6466	52.4	4(A)	04:40	0
3834182511	51.625	52.7	4(A)	04:41	0
3834182572	51.6566	52.4	4(A)	04:42	0
3834182632	51.6683	52.4	4(A)	04:43	0
3834182691	51.7383	52.6	4(A)	04:44	0
3834182751	51.7066	52.4	4(A)	04:45	0
3834182812	51.7166	52.6	4(A)	04:46	0
3834182872	51.795	52.5	4(A)	04:47	0
3834182931	51.1466	52.4	4(A)	04:48	0
3834182991	47.0766	47.6	4(A)	04:49	0
3834183051	47.2233	48.2	4(A)	04:50	0
3834183112	47.2066	48.1	4(A)	04:51	0
3834183172	47.1783	47.9	4(A)	04:52	0
3834183232	47.1733	48.1	4(A)	04:53	0
3834183291	47.3533	48.1	4(A)	04:54	0
3834183351	47.1533	48	4(A)	04:55	0
3834183412	47.2233	48.1	4(A)	04:56	0
3834183472	47.19	48	4(A)	04:57	0
3834183531	47.0966	48.1	4(A)	04:58	0
3834183592	47.1633	48.1	4(A)	04:59	0
3834183651	47.1516	48.2	4(A)	05:00	0
3834183712	47.0516	47.7	4(A)	05:01	0
3834183771	47.065	47.8	4(A)	05:02	0
3834183832	47.18	48.1	4(A)	05:03	0
3834183891	47.1533	48.3	4(A)	05:04	0
3834183951	47.2283	48	4(A)	05:05	0
3834184012	47.1616	48.1	4(A)	05:06	0
3834184072	47.175	48	4(A)	05:07	0
3834184131	47.1366	48	4(A)	05:08	0
3834184191	47.165	47.7	4(A)	05:09	0
3834184251	47.305	48.2	4(A)	05:10	0
3834184311	47.3366	48.1	4(A)	05:11	0
3834184371	47.045	48	4(A)	05:12	0
3834184432	47.1666	48	4(A)	05:13	0
3834184491	47.205	48	4(A)	05:14	0
3834184552	47.3216	47.9	4(A)	05:15	0
3834184612	47.14	48.3	4(A)	05:16	0
3834184672	47.0566	47.9	4(A)	05:17	0
3834184732	47.1633	48.1	4(A)	05:18	0
3834184792	47.2	48.2	4(A)	05:19	0
3834184852	47.1316	47.9	4(A)	05:20	0
3834184911	47.2316	48	4(A)	05:21	0
3834184972	47.0166	47.7	4(A)	05:22	0
3834185031	47.0616	47.8	4(A)	05:23	0
3834185092	47.1016	48	4(A)	05:24	0
3834185152	47.0516	48.1	4(A)	05:25	0
3834185212	46.9316	48	4(A)	05:26	0
3834185272	47.0316	47.6	4(A)	05:27	0
3834185332	46.985	47.7	4(A)	05:28	0
3834185392	47.0466	47.8	4(A)	05:29	0
3834185452	46.9516	47.8	4(A)	05:30	0
3834185512	47.0466	47.6	4(A)	05:31	0
3834185572	47.0033	47.8	4(A)	05:32	0
3834185632	47.0533	47.8	4(A)	05:33	0
3834185691	46.97	47.7	4(A)	05:34	0
3834185751	46.9566	47.9	4(A)	05:35	0
3834185811	46.9883	47.8	4(A)	05:36	0
3834185871	46.9966	47.8	4(A)	05:37	0
3834185931	47.1133	48	4(A)	05:38	0
3834185991	47.065	48.1	4(A)	05:39	0
3834186051	46.9483	47.8	4(A)	05:40	0
3834186111	47.025	48.1	4(A)	05:41	0
3834186171	47.0283	47.9	4(A)	05:42	0
3834186231	47.02	47.8	4(A)	05:43	0
3834186291	46.9866	48.2	4(A)	05:44	0
3834186351	46.8966	47.7	4(A)	05:45	0
3834186411	46.88	47.9	4(A)	05:46	0
3834186471	46.9433	47.7	4(A)	05:47	0
3834186531	46.9566	47.6	4(A)	05:48	0
3834186591	46.82	47.8	4(A)	05:49	0
3834186650	46.8733	47.7	4(A)	05:50	0
3834186711	46.8916	47.6	4(A)	05:51	0
3834186771	46.8733	47.8	4(A)	05:52	0
3834186831	46.8566	47.5	4(A)	05:53	0
3834186891	46.8933	47.6	4(A)	05:54	0
3834186951	47.0533	48.1	4(A)	05:55	0
3834187011	46.93	47.6	4(A)	05:56	0
3834187071	46.9283	47.7	4(A)	05:57	0
3834187130	46.8583	47.5	4(A)	05:58	0
3834187190	46.9766	47.7	4(A)	05:59	0
3834187251	46.9316	47.5	4(A)	06:00	0
3834187310	46.91	47.6	4(A)	06:01	0
3834187371	47.0383	48.2	4(A)	06:02	0
3834187431	46.9466	47.8	4(A)	06:03	0
3834187491	46.9733	48.1	4(A)	06:04	0
3834187551	46.9966	47.7	4(A)	06:05	0
3834187611	46.9983	48	4(A)	06:06	0
3834187671	47.0033	47.9	4(A)	06:07	0
3834187731	46.93	47.8	4(A)	06:08	0
3834187791	46.9266	47.7	4(A)	06:09	0
3834187850	47.13	47.9	4(A)	06:10	0
3834187911	46.97	47.6	4(A)	06:11	0
3834187971	46.975	47.8	4(A)	06:12	0
3834188031	46.9366	47.9	4(A)	06:13	0
3834188091	46.94	47.6	4(A)	06:14	0
3834188151	46.9766	47.8	4(A)	06:15	0
3834188211	47.0716	47.7	4(A)	06:16	0
3834188271	47.0716	48.4	4(A)	06:17	0
3834188331	47.075	48.1	4(A)	06:18	0
3834188390	47.055	47.9	4(A)	06:19	0
3834188451	47.1466	47.9	4(A)	06:20	0
3834188511	47.0983	47.9	4(A)	06:21	0
3834188571	47.2066	48.1	4(A)	06:22	0
3834188631	47.055	47.9	4(A)	06:23	0
3834188691	47.1183	47.8	4(A)	06:24	0
3834188751	47.1566	48.1	4(A)	06:25	0
3834188811	47.0483	48.4	4(A)	06:26	0
3834188870	47.07	48.1	4(A)	06:27	0
3834188931	47.1716	48.1	4(A)	06:28	0
3834188990	47.135	47.9	4(A)	06:29	0
3834189051	47.05	47.7	4(A)	06:30	0
3834189111	47.1483	47.9	4(A)	06:31	0
3834189171	47.085	48	4(A)	06:32	0
3834189231	47.015	47.7	4(A)	06:33	0
3834189291	47.1233	48.2	4(A)	06:34	0
3834189351	46.9383	47.5	4(A)	06:35	0
3834189411	46.885	47.6	4(A)	06:36	0
3834189471	46.87	47.7	4(A)	06:37	0
3834189531	47.0033	48	4(A)	06:38	0
3834189591	47.0416	47.7	4(A)	06:39	0
3834189651	46.94	48	4(A)	06:40	0
3834189711	46.955	47.9	4(A)	06:41	0
3834189771	47.0083	47.7	4(A)	06:42	0
3834189830	47.085	48	4(A)	06:43	0
3834189891	47.015	47.8	4(A)	06:44	0
3834189950	46.965	47.6	4(A)	06:45	0
3834190011	47.055	47.7	4(A)	06:46	0
3834190071	46.9683	47.8	4(A)	06:47	0
3834190130	46.93	47.8	4(A)	06:48	0
3834190191	46.885	48	4(A)	06:49	0
3834190251	46.87	47.8	4(A)	06:50	0
3834190311	46.8366	47.9	4(A)	06:51	0
3834190370	46.925	47.4	4(A)	06:52	0
3834190431	46.7966	47.6	4(A)	06:53	0
3834190491	46.7983	47.6	4(A)	06:54	0
3834190551	46.8816	47.7	4(A)	06:55	0
3834190610	46.9583	48	4(A)	06:56	0
3834190671	46.9683	47.8	4(A)	06:57	0
3834190731	46.9716	47.6	4(A)	06:58	0
3834190791	47.0066	47.8	4(A)	06:59	0
3834190851	46.98	47.7	4(A)	07:00	0
3834190911	47.1066	47.8	4(A)	07:01	0
3834190970	47.05	47.7	4(A)	07:02	0
3834191031	47.03	47.9	4(A)	07:03	0
3834191090	47.0283	47.9	4(A)	07:04	0
3834191151	46.9316	47.6	4(A)	07:05	0
3834191211	46.9583	48	4(A)	07:06	0
3834191270	46.8983	47.8	4(A)	07:07	0
3834191331	46.8066	47.4	4(A)	07:08	0
3834191391	46.8466	47.7	4(A)	07:09	0
3834191451	46.8916	47.6	4(A)	07:10	0
3834191510	46.9083	47.7	4(A)	07:11	0
3834191571	46.96	47.7	4(A)	07:12	0
3834191631	46.9733	47.8	4(A)	07:13	0
3834191691	47.0283	47.8	4(A)	07:14	0
3834191751	46.8966	47.6	4(A)	07:15	0
3834191811	46.875	48	4(A)	07:16	0
3834191871	46.8833	47.8	4(A)	07:17	0
3834191931	46.9066	47.7	4(A)	07:18	0
3834191991	46.9666	47.8	4(A)	07:19	0
3834192050	47.0416	47.7	4(A)	07:20	0
3834192111	46.9216	47.6	4(A)	07:21	0
3834192171	46.9816	48	4(A)	07:22	0
3834192231	46.9433	47.6	4(A)	07:23	0
3834192290	46.9316	47.7	4(A)	07:24	0
3834192350	46.9316	47.6	4(A)	07:25	0
3834192410	46.8366	47.6	4(A)	07:26	0
3834192471	46.9033	47.7	4(A)	07:27	0
3834192531	46.9366	47.9	4(A)	07:28	0
3834192590	46.9283	48.2	4(A)	07:29	0
3834192650	47.0516	47.8	4(A)	07:30	0
3834192710	46.9533	47.6	4(A)	07:31	0
3834192771	47.005	47.8	4(A)	07:32	0
3834192831	47.0116	47.8	4(A)	07:33	0
3834192891	46.9933	47.6	4(A)	07:34	0
3834192951	46.945	47.6	4(A)	07:35	0
3834193011	47.0183	48	4(A)	07:36	0
3834193071	47.05	47.8	4(A)	07:37	0
3834193131	47.0833	47.8	4(A)	07:38	0
3834193191	47.1633	47.8	4(A)	07:39	0
3834193251	46.9666	47.8	4(A)	07:40	0
3834193310	46.9516	48	4(A)	07:41	0
3834193370	46.8716	47.6	4(A)	07:42	0
3834193431	46.965	47.8	4(A)	07:43	0
3834193491	46.8716	47.6	4(A)	07:44	0
3834193551	46.8983	47.6	4(A)	07:45	0
3834193611	46.7766	47.3	4(A)	07:46	0
3834193671	46.9083	47.8	4(A)	07:47	0
3834193731	46.825	47.9	4(A)	07:48	0
3834193791	46.84	47.4	4(A)	07:49	0
3834193850	46.8016	47.6	4(A)	07:50	0
3834193911	46.8616	47.6	4(A)	07:51	0
3834193971	46.9616	47.7	4(A)	07:52	0
3834194030	46.97	48.2	4(A)	07:53	0
3834194090	47.0283	47.7	4(A)	07:54	0
3834194151	47.035	47.6	4(A)	07:55	0
3834194211	51.3366	52.7	4(A)	07:56	0
3834194271	51.6666	52.7	4(A)	07:57	0
3834194330	51.4783	52.4	4(A)	07:58	0
3834194391	50.6	52.6	4(A)	07:59	0
3834194451	46.88	47.6	4(A)	08:00	0
3834194510	46.97	47.9	4(A)	08:01	0
3834194571	46.9366	48	4(A)	08:02	0
3834194631	50.2683	52.6	4(A)	08:03	0
3834194690	51.8533	53	4(A)	08:04	0
3834194750	51.7716	52.6	4(A)	08:05	0
3834194810	51.7833	52.8	4(A)	08:06	0
3834194871	51.8416	52.7	4(A)	08:07	0
3834194931	51.7983	53.2	4(A)	08:08	0
3834194990	51.8216	52.7	4(A)	08:09	0
3834195050	51.755	52.6	4(A)	08:10	0
3834195111	51.8433	52.7	4(A)	08:11	0
3834195171	51.76	52.6	4(A)	08:12	0
3834195230	51.825	52.6	4(A)	08:13	0
3834195291	51.8133	52.7	4(A)	08:14	0
3834195351	51.69	52.7	4(A)	08:15	0
3834195411	51.7216	52.5	4(A)	08:16	0
3834195470	51.8966	52.8	4(A)	08:17	0
3834195531	51.8716	52.8	4(A)	08:18	0
3834195591	51.9016	52.7	4(A)	08:19	0
3834195651	64.8516	429	4(A)	08:20	0
3834195711	430.35	436	4(A)	08:21	0
3834195770	197.343	435	4(A)	08:22	0
3834195831	55.0333	56.4	4(A)	08:23	0
3834195890	54.0933	55.1	4(A)	08:24	0
3834195950	53.585	54.9	4(A)	08:25	0
3834196010	88.98	430	4(A)	08:26	0
3834196069	432.133	436	4(A)	08:27	0
3834196130	435.4	451	4(A)	08:28	0
3834196190	436.966	440	4(A)	08:29	0
3834196250	438.183	441	4(A)	08:30	0
3834196310	438.983	443	4(A)	08:31	0
3834196370	439.55	443	4(A)	08:32	0
3834196430	440.466	444	4(A)	08:33	0
3834196490	440.716	443	4(A)	08:34	0
3834196550	440.966	443	4(A)	08:35	0
3834196610	440.516	443	4(A)	08:36	0
3834196670	440.866	444	4(A)	08:37	0
3834196729	440.966	444	4(A)	08:38	0
3834196789	440.833	460	4(A)	08:39	0
3834196850	440.966	443	4(A)	08:40	0
3834196910	442.25	459	4(A)	08:41	0
3834196970	441.866	447	4(A)	08:42	0
3834197030	441.966	446	4(A)	08:43	0
3834197089	399.038	445	4(A)	08:44	0
3834197150	442.816	446	4(A)	08:45	0
3834197210	442.4	445	4(A)	08:46	0
3834197270	441.866	445	4(A)	08:47	0
3834197330	429.915	445	4(A)	08:48	0
3834197390	320.475	443	4(A)	08:49	0
3834197450	441.116	445	4(A)	08:50	0
3834197510	472.816	1010	4(A)	08:51	0
3834197570	442.333	458	4(A)	08:52	0
3834197630	442.85	446	4(A)	08:53	0
3834197690	443.016	446	4(A)	08:54	0
3834197750	506.95	1010	4(A)	08:55	0
3834197810	443.866	459	4(A)	08:56	0
3834197869	443.166	446	4(A)	08:57	0
3834197929	442.666	445	4(A)	08:58	0
3834197990	442.483	446	4(A)	08:59	0
3834198049	442.616	446	4(A)	09:00	0
3834198110	443.1	447	4(A)	09:01	0
3834198170	442.583	445	4(A)	09:02	0
3834198229	443.15	446	4(A)	09:03	0
3834198290	443.116	446	4(A)	09:04	0
3834198350	443.033	447	4(A)	09:05	0
3834198410	441.916	446	4(A)	09:06	0
3834198470	443.3	452	4(A)	09:07	0
3834198530	443.033	446	4(A)	09:08	0
3834198590	442.766	446	4(A)	09:09	0
3834198649	442.783	446	4(A)	09:10	0
3834198710	442.8	446	4(A)	09:11	0
3834198770	443.033	446	4(A)	09:12	0
3834198830	442.466	447	4(A)	09:13	0
3834198890	442.366	447	4(A)	09:14	0
3834198950	443.216	446	4(A)	09:15	0
3834199010	442.9	446	4(A)	09:16	0
3834199070	442.883	446	4(A)	09:17	0
3834199129	442.3	447	4(A)	09:18	0
3834199190	443.433	447	4(A)	09:19	0
3834199250	442.95	446	4(A)	09:20	0
3834199310	442.65	447	4(A)	09:21	0
3834199369	443.05	445	4(A)	09:22	0
3834199430	443.05	446	4(A)	09:23	0
3834199490	443.166	446	4(A)	09:24	0
3834199550	443.566	446	4(A)	09:25	0
3834199609	443.583	448	4(A)	09:26	0
3834199670	443.166	447	4(A)	09:27	0
3834199730	442.766	447	4(A)	09:28	0
3834199790	444.383	457	4(A)	09:29	0
3834199850	443.8	447	4(A)	09:30	0
3834199910	91.725	446	4(A)	09:31	0
3834199970	61.3866	62.9	4(A)	09:32	0
3834200030	59.1766	60.6	4(A)	09:33	0
3834200090	57.3616	58.5	4(A)	09:34	0
3834200150	56.24	57.3	4(A)	09:35	0
3834200209	55.415	56.4	4(A)	09:36	0
3834200270	54.5483	55.4	4(A)	09:37	0
3834200330	54.1783	54.9	4(A)	09:38	0
3834200390	53.9083	54.6	4(A)	09:39	0
3834200450	53.715	54.6	4(A)	09:40	0
3834200510	53.5616	54.6	4(A)	09:41	0
3834200570	53.3566	54.1	4(A)	09:42	0
3834200630	53.3316	54.3	4(A)	09:43	0
3834200690	53.1583	54.1	4(A)	09:44	0
3834200750	500.433	1000	4(A)	09:45	0
3834200810	1001.06	1010	4(A)	09:46	0
3834200870	1004.88	1020	4(A)	09:47	0
3834200930	1011.66	1020	4(A)	09:48	0
3834200989	1012.16	1020	4(A)	09:49	0
3834201050	1020.66	1040	4(A)	09:50	0
3834201109	1013.16	1020	4(A)	09:51	0
3834201169	1009.5	1020	4(A)	09:52	0
3834201230	1006.31	1020	4(A)	09:53	0
3834201290	1021.66	1040	4(A)	09:54	0
3834201350	1024.16	1030	4(A)	09:55	0
3834201409	1023.16	1030	4(A)	09:56	0
3834201469	1025	1040	4(A)	09:57	0
3834201529	1024.83	1040	4(A)	09:58	0
3834201590	1027	1040	4(A)	09:59	0
3834201650	1025.5	1030	4(A)	10:00	0
3834201710	1023.33	1040	4(A)	10:01	0
3834201770	917.096	1040	4(A)	10:02	0
3834201830	454.856	1030	4(A)	10:03	0
3834201890	72.3016	76.1	4(A)	10:04	0
3834201950	66.2366	69	4(A)	10:05	0
3834202010	61.78	64.2	4(A)	10:06	0
3834202069	58.3466	60.7	4(A)	10:07	0
3834202130	55.735	57.1	4(A)	10:08	0
3834202190	54.1283	55.5	4(A)	10:09	0
3834202250	52.86	53.8	4(A)	10:10	0
3834202309	52.0516	53.1	4(A)	10:11	0
3834202369	51.455	52	4(A)	10:12	0
3834202430	50.78	51.5	4(A)	10:13	0
3834202490	50.4133	51.1	4(A)	10:14	0
3834202550	688.33	1020	4(A)	10:15	0
3834202610	1002.58	1020	4(A)	10:16	0
3834202670	997.05	1000	4(A)	10:17	0
3834202729	1007.66	1020	4(A)	10:18	0
3834202790	1015.66	1020	4(A)	10:19	0
3834202850	1020.33	1030	4(A)	10:20	0
3834202910	1021	1030	4(A)	10:21	0
3834202970	802.941	1030	4(A)	10:22	0
3834203030	77.325	81.1	4(A)	10:23	0
3834203090	71.0583	74.3	4(A)	10:24	0
3834203149	65.715	68.1	4(A)	10:25	0
3834203210	62.3716	64.7	4(A)	10:26	0
3834203269	60.7566	62	4(A)	10:27	0
3834203330	57.062	60.1	4(A)	10:28	0
3834203389	6.266	10.09	3(P)	10:29	0
3834203450	5.2475	5.7666	3(P)	10:30	0
3834203509	4.4825	4.85	3(P)	10:31	0
3834203570	3.9346	4.2071	3(P)	10:32	0
3834203630	3.5613	3.7457	3(P)	10:33	0
3834203689	3.2275	3.3871	3(P)	10:34	0
3834203750	2.9863	3.1571	3(P)	10:35	0
3834203810	2.8158	2.9171	3(P)	10:36	0
3834203870	2.6698	2.7285	3(P)	10:37	0
3834203930	2.568	2.6471	3(P)	10:38	0
3834203989	2.4921	2.5485	3(P)	10:39	0
3834204050	2.4285	2.5	3(P)	10:40	0
3834204109	2.379	2.4428	3(P)	10:41	0
3834204170	2.3546	2.4385	3(P)	10:42	0
3834204230	2.3026	2.3614	3(P)	10:43	0
3834204290	2.2556	2.3357	3(P)	10:44	0
3834204350	2.2665	2.3028	3(P)	10:45	0
3834204409	2.224	2.29	3(P)	10:46	0
3834204470	2.2348	2.2842	3(P)	10:47	0
3834204529	2.1888	2.25	3(P)	10:48	0
3834204590	2.1546	2.2085	3(P)	10:49	0
3834204650	1.7465	2.1457	3(P)	10:50	0
3834204710	1.6993	1.7542	3(P)	10:51	0
3834204770	1.6846	1.7228	3(P)	10:52	0
3834204830	1.6728	1.7442	3(P)	10:53	0
3834204890	1.6745	1.7314	3(P)	10:54	0
3834204950	1.6705	1.7328	3(P)	10:55	0
3834205010	1.6511	1.6885	3(P)	10:56	0
3834205070	1.6481	1.6814	3(P)	10:57	0
3834205130	1.6425	1.6814	3(P)	10:58	0
3834205190	1.6208	1.66	3(P)	10:59	0
3834205250	1.6165	1.6628	3(P)	11:00	0
3834205309	1.609	1.6485	3(P)	11:01	0
3834205370	1.583	1.6285	3(P)	11:02	0
3834205430	18.3845	45.8666	3(P)	11:03	0
3834205490	52.2466	56.2	4(A)	11:04	0
3834205550	52.9716	55.7	4(A)	11:05	0
3834205610	50.2016	51.5	4(A)	11:06	0
3834205669	49.7683	50.5	4(A)	11:07	0
3834205729	50.03	50.8	4(A)	11:08	0
3834205790	50.27	51.1	4(A)	11:09	0
3834205850	50.47	51.2	4(A)	11:10	0
3834205908	52.225	55	4(A)	11:11	0
3834205969	54.2883	55.5	4(A)	11:12	0
3834206029	65.8866	262	4(A)	11:13	0
3834206089	259.4	262	4(A)	11:14	0
3834206149	258.416	263	4(A)	11:15	0
3834206209	260.45	263	4(A)	11:16	0
3834206269	261.083	264	4(A)	11:17	0
3834206329	261.916	264	4(A)	11:18	0
3834206389	262.75	268	4(A)	11:19	0
3834206449	263.2	265	4(A)	11:20	0
3834206509	263.166	267	4(A)	11:21	0
3834206569	261.866	264	4(A)	11:22	0
3834206628	264.416	268	4(A)	11:23	0
3834206689	265.35	268	4(A)	11:24	0
3834206749	244.483	266	4(A)	11:25	0
3834206809	207.95	238	4(A)	11:26	0
3834206868	181.85	208	4(A)	11:27	0
3834206929	219.466	233	4(A)	11:28	0
3834206989	242.7	253	4(A)	11:29	0
3834207048	258.916	264	4(A)	11:30	0
3834207109	264.4	267	4(A)	11:31	0
3834207169	265.166	267	4(A)	11:32	0
3834207229	265.566	268	4(A)	11:33	0
3834207289	246.463	270	4(A)	11:34	0
3834207349	257.9	269	4(A)	11:35	0
3834207409	266.083	268	4(A)	11:36	0
3834207469	266.666	269	4(A)	11:37	0
3834207529	265.1	269	4(A)	11:38	0
3834207589	267.716	272	4(A)	11:39	0
3834207649	263.983	266	4(A)	11:40	0
3834207709	263.35	266	4(A)	11:41	0
3834207769	262.916	266	4(A)	11:42	0
3834207829	263.383	266	4(A)	11:43	0
3834207889	263.166	265	4(A)	11:44	0
3834207949	93.1666	265	4(A)	11:45	0
3834208009	241.85	263	4(A)	11:46	0
3834208069	261.433	263	4(A)	11:47	0
3834208129	261.783	264	4(A)	11:48	0
3834208189	262.283	265	4(A)	11:49	0
3834208249	262.683	265	4(A)	11:50	0
3834208309	262.383	265	4(A)	11:51	0
3834208368	262.466	264	4(A)	11:52	0
3834208429	262.983	266	4(A)	11:53	0
3834208489	262.966	265	4(A)	11:54	0
3834208549	97.4911	264	3(P)	11:55	0
3834208609	6.4886	7.4333	3(P)	11:56	0
3834208669	5.1965	5.88	3(P)	11:57	0
3834208728	4.259	4.6371	3(P)	11:58	0
3834208789	3.5656	3.8685	3(P)	11:59	0
3834208849	3.0285	3.3185	3(P)	12:00	0
3834208908	2.6548	2.7957	3(P)	12:01	0
3834208969	2.3551	2.5471	3(P)	12:02	0
3834209029	2.1481	2.2828	3(P)	12:03	0
3834209089	2.14	3.1542	3(P)	12:04	0
3834209149	42.033	51.8	4(A)	12:05	0
3834209209	53.91	56.3	4(A)	12:06	0
3834209269	53.1883	98.7	4(A)	12:07	0
3834209328	230.666	243	4(A)	12:08	0
3834209388	215.716	228	4(A)	12:09	0
3834209448	189.633	204	4(A)	12:10	0
3834209509	160.666	176	4(A)	12:11	0
3834209568	54.5466	55.6	4(A)	12:12	0
3834209629	54.27	68.5	4(A)	12:13	0
3834209689	52.315	53.4	4(A)	12:14	0
3834209748	51.4816	52.6	4(A)	12:15	0
3834209809	50.7883	51.7	4(A)	12:16	0
3834209869	50.4616	51.2	4(A)	12:17	0
3834209929	50.3783	51.3	4(A)	12:18	0
3834209988	50.1566	51.1	4(A)	12:19	0
3834210048	50.12	50.9	4(A)	12:20	0
3834210109	49.96	51.1	4(A)	12:21	0
3834210168	49.93	50.7	4(A)	12:22	0
3834210228	49.8216	50.8	4(A)	12:23	0
3834210289	49.9966	50.8	4(A)	12:24	0
3834210349	49.8483	50.4	4(A)	12:25	0
3834210408	49.8083	51.1	4(A)	12:26	0
3834210469	49.7283	50.5	4(A)	12:27	0
3834210529	49.7183	50.5	4(A)	12:28	0
3834210588	49.6516	50.6	4(A)	12:29	0
3834210649	49.565	50.7	4(A)	12:30	0
3834210709	49.7266	50.5	4(A)	12:31	0
3834210769	49.6333	50.6	4(A)	12:32	0
3834210829	49.6783	50.7	4(A)	12:33	0
3834210889	49.9133	50.7	4(A)	12:34	0
3834210948	50.0716	51	4(A)	12:35	0
3834211009	49.8883	50.8	4(A)	12:36	0
3834211069	49.7883	50.5	4(A)	12:37	0
3834211129	49.5383	50.5	4(A)	12:38	0
3834211189	49.4833	50.3	4(A)	12:39	0
3834211249	49.3883	50.6	4(A)	12:40	0
3834211309	49.4966	50.2	4(A)	12:41	0
3834211369	49.4683	50.3	4(A)	12:42	0
3834211429	49.6783	50.8	4(A)	12:43	0
3834211489	49.8333	50.7	4(A)	12:44	0
3834211549	49.905	50.8	4(A)	12:45	0
3834211609	49.9866	50.9	4(A)	12:46	0
3834211668	49.86	50.8	4(A)	12:47	0
3834211729	49.8683	50.6	4(A)	12:48	0
3834211789	49.8833	50.8	4(A)	12:49	0
3834211849	50.0833	51.1	4(A)	12:50	0
3834211908	50.0816	50.8	4(A)	12:51	0
3834211969	50.1166	50.9	4(A)	12:52	0
3834212029	49.925	51.1	4(A)	12:53	0
3834212088	49.93	50.7	4(A)	12:54	0
3834212148	50.0183	51	4(A)	12:55	0
3834212209	49.865	50.5	4(A)	12:56	0
3834212269	49.8533	50.5	4(A)	12:57	0
3834212329	49.8933	50.7	4(A)	12:58	0
3834212389	49.9983	50.7	4(A)	12:59	0
3834212449	49.975	50.9	4(A)	13:00	0
3834212509	49.9866	50.6	4(A)	13:01	0
3834212569	49.9433	50.9	4(A)	13:02	0
3834212628	49.94	51	4(A)	13:03	0
3834212689	49.88	50.8	4(A)	13:04	0
3834212749	49.8683	50.9	4(A)	13:05	0
3834212809	49.705	50.9	4(A)	13:06	0
3834212869	49.705	51.7	4(A)	13:07	0
3834212929	49.725	50.5	4(A)	13:08	0
3834212989	49.8366	51	4(A)	13:09	0
3834213049	46.2545	50.5	4(A)	13:10	0
3834213109	1.1313	1.4525	2(O)	13:11	0
3834213168	1.1125	1.1514	2(O)	13:12	0
3834213229	1.0985	1.1457	2(O)	13:13	0
3834213289	1.1025	1.1414	2(O)	13:14	0
3834213349	1.0911	1.1157	2(O)	13:15	0
3834213409	1.09	1.1257	2(O)	13:16	0
3834213469	1.0765	1.1057	2(O)	13:17	0
3834213529	1.0735	1.1271	2(O)	13:18	0
3834213589	1.0643	1.0942	2(O)	13:19	0
3834213649	1.0513	1.0914	2(O)	13:20	0
3834213708	1.0605	1.1114	2(O)	13:21	0
3834213769	1.0455	1.0814	2(O)	13:22	0
3834213829	1.0546	1.0857	2(O)	13:23	0
3834213889	1.0451	1.0828	2(O)	13:24	0
3834213949	1.0358	1.09	2(O)	13:25	0
3834214008	1.0291	1.0728	2(O)	13:26	0
3834214069	1.0128	1.0457	2(O)	13:27	0
3834214129	1.0101	1.0614	2(O)	13:28	0
3834214189	1.0066	1.0571	2(O)	13:29	0
3834214249	0.996	1.0528	2(O)	13:30	0
3834214308	1.0026	1.0328	2(O)	13:31	0
3834214369	1.0051	1.0614	2(O)	13:32	0
3834214429	0.9896	1.0142	2(O)	13:33	0
3834214489	0.9761	1.01	2(O)	13:34	0
3834214549	0.9621	0.9928	2(O)	13:35	0
3834214609	0.9655	1.0071	2(O)	13:36	0
3834214669	0.9653	1.0242	2(O)	13:37	0
3834214729	0.9651	1	2(O)	13:38	0
3834214789	0.9573	0.9971	2(O)	13:39	0
3834214849	0.956	0.9971	2(O)	13:40	0
3834214909	0.9465	0.9871	2(O)	13:41	0
3834214969	0.9361	0.9685	2(O)	13:42	0
3834215029	0.9358	0.9628	2(O)	13:43	0
3834215089	0.9226	0.9571	2(O)	13:44	0
3834215149	0.93	0.9771	2(O)	13:45	0
3834215209	0.9256	0.9557	2(O)	13:46	0
3834215269	0.9155	0.9628	2(O)	13:47	0
3834215329	0.905	0.9571	2(O)	13:48	0
3834215389	0.9	0.9357	2(O)	13:49	0
3834215449	0.9081	0.9357	2(O)	13:50	0
3834215509	0.89	0.9257	2(O)	13:51	0
3834215569	0.8828	0.9342	2(O)	13:52	0
3834215629	0.8885	0.9328	2(O)	13:53	0
3834215689	0.8836	0.9114	2(O)	13:54	0
3834215749	0.879	0.9114	2(O)	13:55	0
3834215809	0.8688	0.8971	2(O)	13:56	0
3834215869	0.8618	0.8971	2(O)	13:57	0
3834215929	0.8608	0.8799	2(O)	13:58	0
3834215989	0.8536	0.89	2(O)	13:59	0
3834216049	0.849	0.8799	2(O)	14:00	0
3834216108	0.8453	0.8714	2(O)	14:01	0
3834216168	0.8581	0.8899	2(O)	14:02	0
3834216228	0.8505	0.8957	2(O)	14:03	0
3834216288	0.8376	0.8614	2(O)	14:04	0
3834216348	0.8408	0.8685	2(O)	14:05	0
3834216408	0.8448	0.8871	2(O)	14:06	0
3834216468	0.8248	0.8599	2(O)	14:07	0
3834216528	0.8213	0.8528	2(O)	14:08	0
3834216588	0.8143	0.8428	2(O)	14:09	0
3834216648	0.8141	0.8471	2(O)	14:10	0
3834216708	0.8096	0.8499	2(O)	14:11	0
3834216768	0.805	0.8242	2(O)	14:12	0
3834216828	0.8003	0.8314	2(O)	14:13	0
3834216888	0.8038	0.8228	2(O)	14:14	0
3834216948	0.7836	0.8285	2(O)	14:15	0
3834217008	0.7866	0.8285	2(O)	14:16	0
3834217068	0.7868	0.8228	2(O)	14:17	0
3834217128	0.7816	0.8114	2(O)	14:18	0
3834217188	0.7753	0.8085	2(O)	14:19	0
3834217248	0.7788	0.8085	2(O)	14:20	0
3834217308	0.7776	0.8114	2(O)	14:21	0
3834217368	0.7696	0.8	2(O)	14:22	0
3834217428	0.7688	0.8071	2(O)	14:23	0
3834217488	0.7538	0.7885	2(O)	14:24	0
3834217548	0.7618	0.7957	2(O)	14:25	0
3834217608	0.7641	0.7871	2(O)	14:26	0
3834217668	0.7491	0.7714	2(O)	14:27	0
3834217728	0.7461	0.7757	2(O)	14:28	0
3834217788	0.749	0.7742	2(O)	14:29	0
3834217848	0.7273	0.7657	2(O)	14:30	0
3834217908	0.7356	0.7528	2(O)	14:31	0
3834217968	0.7345	0.7814	2(O)	14:32	0
3834218028	0.7406	0.7642	2(O)	14:33	0
3834218088	0.7133	0.7514	2(O)	14:34	0
3834218148	0.7323	0.7771	2(O)	14:35	0
3834218208	0.7198	0.7485	2(O)	14:36	0
3834218268	0.711	0.7414	2(O)	14:37	0
3834218328	0.6995	0.7328	2(O)	14:38	0
3834218388	0.7171	0.7371	2(O)	14:39	0
3834218448	0.7031	0.7328	2(O)	14:40	0
3834218508	0.6976	0.7257	2(O)	14:41	0
3834218568	0.7065	0.7357	2(O)	14:42	0
3834218628	0.6845	0.71	2(O)	14:43	0
3834218688	0.6778	0.7214	2(O)	14:44	0
3834218748	0.6803	0.7157	2(O)	14:45	0
3834218808	0.677	0.71	2(O)	14:46	0
3834218868	0.6798	0.7157	2(O)	14:47	0
3834218928	0.6735	0.6971	2(O)	14:48	0
3834218988	0.6726	0.7128	2(O)	14:49	0
3834219048	0.6665	0.6957	2(O)	14:50	0
3834219108	0.6585	0.6928	2(O)	14:51	0
3834219168	0.6596	0.6914	2(O)	14:52	0
3834219228	0.6473	0.6728	2(O)	14:53	0
3834219288	0.658	0.6899	2(O)	14:54	0
3834219348	0.6556	0.6914	2(O)	14:55	0
3834219408	0.6385	0.6799	2(O)	14:56	0
3834219468	0.647	0.67	2(O)	14:57	0
3834219528	0.6451	0.6657	2(O)	14:58	0
3834219588	0.6413	0.6842	2(O)	14:59	0
3834219648	0.6408	0.6799	2(O)	15:00	0
3834219708	0.6401	0.6614	2(O)	15:01	0
3834219768	0.6308	0.6757	2(O)	15:02	0
3834219828	0.632	0.67	2(O)	15:03	0
3834219888	0.6248	0.6571	2(O)	15:04	0
3834219948	0.6326	0.6657	2(O)	15:05	0
3834220008	0.6126	0.6371	2(O)	15:06	0
3834220068	0.6143	0.6642	2(O)	15:07	0
3834220128	0.6081	0.6342	2(O)	15:08	0
3834220188	0.6043	0.6428	2(O)	15:09	0
3834220248	0.608	0.6528	2(O)	15:10	0
3834220308	0.6045	0.6228	2(O)	15:11	0
3834220368	0.6018	0.6257	2(O)	15:12	0
3834220428	0.5915	0.6242	2(O)	15:13	0
3834220488	0.5986	0.6242	2(O)	15:14	0
3834220548	0.6	0.6299	2(O)	15:15	0
3834220608	0.5865	0.6314	2(O)	15:16	0
3834220668	0.5903	0.6214	2(O)	15:17	0
3834220728	0.5863	0.6185	2(O)	15:18	0
3834220788	32.4045	53.3	3(P)	15:19	0
3834220848	56.08	57.6	4(A)	15:20	0
3834220908	52.7283	55.4	4(A)	15:21	0
3834220968	51.115	52.2	4(A)	15:22	0
3834221028	50.4266	51.2	4(A)	15:23	0
3834221088	50.79	51.9	4(A)	15:24	0
3834221148	50.9066	51.8	4(A)	15:25	0
3834221208	50.9216	51.8	4(A)	15:26	0
3834221268	50.8816	51.8	4(A)	15:27	0
3834221328	50.6016	51.8	4(A)	15:28	0
3834221388	50.4583	51.6	4(A)	15:29	0
3834221448	50.4033	51.6	4(A)	15:30	0
3834221508	50.3916	51	4(A)	15:31	0
3834221568	52.35	56.3	4(A)	15:32	0
3834221628	55.4566	56.3	4(A)	15:33	0
3834221688	55.5366	56.2	4(A)	15:34	0
3834221748	55.6816	56.6	4(A)	15:35	0
3834221808	55.7083	56.4	4(A)	15:36	0
3834221868	55.44	56.4	4(A)	15:37	0
3834221928	55.68	56.7	4(A)	15:38	0
3834221988	66.3416	135	4(A)	15:39	0
3834222048	63.9233	64.8	4(A)	15:40	0
3834222108	73.965	138	4(A)	15:41	0
3834222168	64.1383	65	4(A)	15:42	0
3834222228	64.33	78.1	4(A)	15:43	0
3834222288	64.5016	84.1	4(A)	15:44	0
3834222348	65.045	88.8999	4(A)	15:45	0
3834222408	65.3066	96.5	4(A)	15:46	0
3834222468	65.9216	97	4(A)	15:47	0
3834222528	64.1916	65.3	4(A)	15:48	0
3834222588	64.2816	65.3	4(A)	15:49	0
3834222648	66.62	97.3999	4(A)	15:50	0
3834222708	64.0183	65.4	4(A)	15:51	0
3834222768	65.0116	96.1	4(A)	15:52	0
3834222828	64.0483	65.1	4(A)	15:53	0
3834222888	63.8266	64.7	4(A)	15:54	0
3834222948	66.7466	96.2	4(A)	15:55	0
3834223008	95.4533	98.8	4(A)	15:56	0
3834223068	96.8666	98.3999	4(A)	15:57	0
3834223128	97.645	99.1	4(A)	15:58	0
3834223188	97.3983	98.3	4(A)	15:59	0
3834223248	97.665	98.8999	4(A)	16:00	0
3834223308	95.85	99.3999	4(A)	16:01	0
3834223368	56.18	57.2	4(A)	16:02	0
3834223428	98.685	140	4(A)	16:03	0
3834223488	138.866	142	4(A)	16:04	0
3834223547	139	141	4(A)	16:05	0
3834223608	139.116	141	4(A)	16:06	0
3834223668	171.233	265	4(A)	16:07	0
3834223728	262.8	267	4(A)	16:08	0
3834223788	263.783	267	4(A)	16:09	0
3834223848	264.983	269	4(A)	16:10	0
3834223908	265.316	267	4(A)	16:11	0
3834223968	265.916	269	4(A)	16:12	0
3834224028	266.183	270	4(A)	16:13	0
3834224087	266.133	269	4(A)	16:14	0
3834224148	266.766	270	4(A)	16:15	0
3834224207	266.766	269	4(A)	16:16	0
3834224268	266.783	270	4(A)	16:17	0
3834224328	267.333	270	4(A)	16:18	0
3834224388	268.083	271	4(A)	16:19	0
3834224448	268.65	271	4(A)	16:20	0
3834224507	268.416	271	4(A)	16:21	0
3834224568	268.233	270	4(A)	16:22	0
3834224627	268.116	271	4(A)	16:23	0
3834224687	268.283	271	4(A)	16:24	0
3834224748	268.25	271	4(A)	16:25	0
3834224808	268.283	272	4(A)	16:26	0
3834224868	268.116	270	4(A)	16:27	0
3834224928	268.383	271	4(A)	16:28	0
3834224988	268.366	271	4(A)	16:29	0
3834225047	267.933	271	4(A)	16:30	0
3834225107	268.116	271	4(A)	16:31	0
3834225168	267.983	271	4(A)	16:32	0
3834225228	267.916	270	4(A)	16:33	0
3834225288	268.233	270	4(A)	16:34	0
3834225348	268.4	272	4(A)	16:35	0
3834225408	268.266	271	4(A)	16:36	0
3834225468	268.566	271	4(A)	16:37	0
3834225528	268.183	271	4(A)	16:38	0
3834225588	268.083	271	4(A)	16:39	0
3834225648	268.45	271	4(A)	16:40	0
3834225708	268.266	271	4(A)	16:41	0
3834225767	268.366	271	4(A)	16:42	0
3834225828	268.366	271	4(A)	16:43	0
3834225888	268.466	272	4(A)	16:44	0
3834225948	268.166	272	4(A)	16:45	0
3834226008	264.75	274	4(A)	16:46	0
3834226068	266.016	273	4(A)	16:47	0
3834226127	268.2	270	4(A)	16:48	0
3834226188	269.35	274	4(A)	16:49	0
3834226246	268	272	4(A)	16:50	0
3834226307	268.65	272	4(A)	16:51	0
3834226367	269.183	272	4(A)	16:52	0
3834226427	268.9	272	4(A)	16:53	0
3834226487	268.733	271	4(A)	16:54	0
3834226547	131.06	271	4(A)	16:55	0
3834226607	56.1633	57.5	4(A)	16:56	0
3834226667	54.74	56	4(A)	16:57	0
3834226727	53.8433	54.8	4(A)	16:58	0
3834226786	255.038	267	4(A)	16:59	0
3834226847	242.983	271	4(A)	17:00	0
3834226907	237.566	268	4(A)	17:01	0
3834226966	265.916	269	4(A)	17:02	0
3834227026	267.45	272	4(A)	17:03	0
3834227086	267.766	272	4(A)	17:04	0
3834227147	268.05	272	4(A)	17:05	0
3834227207	268.333	271	4(A)	17:06	0
3834227267	268.466	271	4(A)	17:07	0
3834227328	259.491	271	4(A)	17:08	0
3834227388	268.566	271	4(A)	17:09	0
3834227448	268.65	272	4(A)	17:10	0
3834227508	268.883	271	4(A)	17:11	0
3834227568	268.45	271	4(A)	17:12	0
3834227628	269.066	272	4(A)	17:13	0
3834227688	268.883	272	4(A)	17:14	0
3834227748	269.266	272	4(A)	17:15	0
3834227808	269.85	275	4(A)	17:16	0
3834227868	267.166	273	4(A)	17:17	0
3834227928	269.9	275	4(A)	17:18	0
3834227988	158.6	272	4(A)	17:19	0
3834228048	131.206	145	4(A)	17:20	0
3834228108	137.498	143	4(A)	17:21	0
3834228168	141.15	143	4(A)	17:22	0
3834228227	140.633	142	4(A)	17:23	0
3834228287	140.833	143	4(A)	17:24	0
3834228348	140.316	142	4(A)	17:25	0
3834228408	140.45	142	4(A)	17:26	0
3834228468	140.1	142	4(A)	17:27	0
3834228528	140.3	143	4(A)	17:28	0
3834228588	140.266	142	4(A)	17:29	0
3834228647	140.4	142	4(A)	17:30	0
3834228708	140.216	142	4(A)	17:31	0
3834228768	140.216	141	4(A)	17:32	0
3834228828	140.016	143	4(A)	17:33	0
3834228888	139.816	144	4(A)	17:34	0
3834228948	140.15	143	4(A)	17:35	0
3834229007	140.933	143	4(A)	17:36	0
3834229068	141.2	143	4(A)	17:37	0
3834229127	140.883	143	4(A)	17:38	0
3834229187	140.916	142	4(A)	17:39	0
3834229247	140.9	143	4(A)	17:40	0
3834229308	142.466	145	4(A)	17:41	0
3834229368	142.916	145	4(A)	17:42	0
3834229428	143.133	145	4(A)	17:43	0
3834229488	140.558	145	4(A)	17:44	0
3834229547	140.896	145	4(A)	17:45	0
3834229608	98.845	145	4(A)	17:46	0
3834229668	60.0001	142	4(A)	17:47	0
3834229727	2.6521	2.9385	2(O)	17:48	0
3834229788	2.2166	2.42	2(O)	17:49	0
3834229848	1.9028	2.0914	2(O)	17:50	0
3834229908	1.6993	1.8457	2(O)	17:51	0
3834229968	1.5276	1.6471	2(O)	17:52	0
3834230028	1.3878	1.4528	2(O)	17:53	0
3834230088	1.2878	1.34	2(O)	17:54	0
3834230148	1.2376	1.3285	2(O)	17:55	0
3834230207	1.1731	1.2314	2(O)	17:56	0
3834230268	1.1401	1.1885	2(O)	17:57	0
3834230327	1.0913	1.1457	2(O)	17:58	0
3834230388	1.0781	1.1185	2(O)	17:59	0
3834230448	1.046	1.09	2(O)	18:00	0
3834230508	1.0353	1.0714	2(O)	18:01	0
3834230567	1.0151	1.05	2(O)	18:02	0
