#array:float64[301]
13.595596
17.294613
22.882933
21.779497
21.811287
22.595863
21.999834
22.64538
23.248367
21.060795
29.405582
24.489492
21.718218
29.848234
34.248528
35.966232
35.565994
34.710808
32.997345
33.800705
33.99241
35.949986
34.87359
35.615803
33.705658
35.503613
35.58838
36.325813
35.157276
35.149075
34.735497
34.234306
35.685764
36.33728
35.688213
34.03634
37.246365
36.004314
34.43332
36.771236
36.00391
34.78943
35.684155
34.754242
34.80002
27.886522
22.044664
21.536314
21.677359
21.9571
20.961382
21.159199
29.65075
56.494022
56.03593
55.700115
55.316666
56.45197
57.23425
55.581024
56.454865
42.889862
14.771126
14.363669
15.107363
14.78761
15.12169
28.458368
56.039646
54.12358
56.054356
34.896885
21.840336
21.198252
10.77317
0.0
0.0
0.0
0.0150432205
0.0
0.0
0.0
0.0
0.0
0.0
0.0
0.013677152
0.0
0.0
0.0
0.0
0.5768078
13.531035
13.886414
13.902158
16.125193
22.925917
55.327156
54.330162
55.196674
55.239193
56.18552
52.80559
42.538513
47.13528
52.4276
55.623554
53.304756
56.61248
57.58338
56.35223
56.508247
41.956837
53.72256
56.860855
56.9838
53.633915
36.796623
0.0
0.0
0.0
0.0
2.0198421
16.87283
46.117287
37.742744
16.974005
15.363916
15.2878685
14.769577
14.609529
14.931162
14.429357
14.500584
14.147003
14.279563
14.057001
14.902904
13.985906
13.951128
15.0492525
14.132704
15.021684
13.422604
14.315181
14.737759
13.384717
15.025897
14.411376
14.833335
14.259485
13.910282
15.120033
15.288812
14.042294
7.54766
0.0
0.0
0.0
0.0
0.0
0.0
0.0
0.0
0.0
0.01405671
0.0
0.0
0.0
0.014466627
0.0
0.0
0.0
0.0
0.0
0.0
0.015148289
0.0
0.0
0.0
0.0
0.0
0.0
0.0
0.0
0.0
0.0
0.0
0.0
0.0
0.0
0.0
0.0
0.0
0.014967633
0.0
0.0
0.0
0.0
0.0
0.0
0.0
0.0
0.0
0.0
0.0
0.0
0.0
0.0
0.0
0.0
0.01391112
0.0
0.0
0.0
0.0
0.0
0.0
0.0
1.6536679
16.064442
13.8337
15.288022
14.944278
14.839458
14.160249
20.867464
23.282646
23.456251
25.314188
26.29691
26.048716
26.065378
25.7469
25.591162
25.383646
25.787247
25.557137
30.789976
30.2789
30.90322
27.843605
36.8544
39.077408
57.5921
55.806416
57.811317
56.73574
56.433716
56.6238
57.252422
57.48203
55.675026
56.346413
55.368423
57.8678
56.96751
57.083794
55.25611
58.17583
57.03978
57.367374
58.669476
57.59605
57.215416
56.349937
55.996048
42.917347
14.004992
35.269203
52.400154
57.163696
57.008472
56.56293
57.32309
56.45988
58.28874
56.75658
56.210876
47.71639
33.978718
37.87104
37.365738
37.050495
37.90186
36.73346
37.86722
36.45768
36.233482
36.065815
37.17256
38.848034
37.85532
26.60565
0.0
0.0
0.0
0.0
0.0
0.0
0.0
