#array:uint32[301]
1751349600000
1751349720000
1751349840000
1751349960000
1751350080000
1751350200000
1751350320000
1751350440000
1751350560000
1751350680000
1751350800000
1751350920000
1751351040000
1751351160000
1751351280000
1751351400000
1751351520000
1751351640000
1751351760000
1751351880000
1751352000000
1751352120000
1751352240000
1751352360000
1751352480000
1751352600000
1751352720000
1751352840000
1751352960000
1751353080000
1751353200000
1751353320000
1751353440000
1751353560000
1751353680000
1751353800000
1751353920000
1751354040000
1751354160000
1751354280000
1751354400000
1751354520000
1751354640000
1751354760000
1751354880000
1751355000000
1751355120000
1751355240000
1751355360000
1751355480000
1751355600000
1751355720000
1751355840000
1751355960000
1751356080000
1751356200000
1751356320000
1751356440000
1751356560000
1751356680000
1751356800000
1751356920000
1751357040000
1751357160000
1751357280000
1751357400000
1751357520000
1751357640000
1751357760000
1751357880000
1751358000000
1751358120000
1751358240000
1751358360000
1751358480000
1751358600000
1751358720000
1751358840000
1751358960000
1751359080000
1751359200000
1751359320000
1751359440000
1751359560000
1751359680000
1751359800000
1751359920000
1751360040000
1751360160000
1751360280000
1751360400000
1751360520000
1751360640000
1751360760000
1751360880000
1751361000000
1751361120000
1751361240000
1751361360000
1751361480000
1751361600000
1751361720000
1751361840000
1751361960000
1751362080000
1751362200000
1751362320000
1751362440000
1751362560000
1751362680000
1751362800000
1751362920000
1751363040000
1751363160000
1751363280000
1751363400000
1751363520000
1751363640000
1751363760000
1751363880000
1751364000000
1751364120000
1751364240000
1751364360000
1751364480000
1751364600000
1751364720000
1751364840000
1751364960000
1751365080000
1751365200000
1751365320000
1751365440000
1751365560000
1751365680000
1751365800000
1751365920000
1751366040000
1751366160000
1751366280000
1751366400000
1751366520000
1751366640000
1751366760000
1751366880000
1751367000000
1751367120000
1751367240000
1751367360000
1751367480000
1751367600000
1751367720000
1751367840000
1751367960000
1751368080000
1751368200000
1751368320000
1751368440000
1751368560000
1751368680000
1751368800000
1751368920000
1751369040000
1751369160000
1751369280000
1751369400000
1751369520000
1751369640000
1751369760000
1751369880000
1751370000000
1751370120000
1751370240000
1751370360000
1751370480000
1751370600000
1751370720000
1751370840000
1751370960000
1751371080000
1751371200000
1751371320000
1751371440000
1751371560000
1751371680000
1751371800000
1751371920000
1751372040000
1751372160000
1751372280000
1751372400000
1751372520000
1751372640000
1751372760000
1751372880000
1751373000000
1751373120000
1751373240000
1751373360000
1751373480000
1751373600000
1751373720000
1751373840000
1751373960000
1751374080000
1751374200000
1751374320000
1751374440000
1751374560000
1751374680000
1751374800000
1751374920000
1751375040000
1751375160000
1751375280000
1751375400000
1751375520000
1751375640000
1751375760000
1751375880000
1751376000000
1751376120000
1751376240000
1751376360000
1751376480000
1751376600000
1751376720000
1751376840000
1751376960000
1751377080000
1751377200000
1751377320000
1751377440000
1751377560000
1751377680000
1751377800000
1751377920000
1751378040000
1751378160000
1751378280000
1751378400000
1751378520000
1751378640000
1751378760000
1751378880000
1751379000000
1751379120000
1751379240000
1751379360000
1751379480000
1751379600000
1751379720000
1751379840000
1751379960000
1751380080000
1751380200000
1751380320000
1751380440000
1751380560000
1751380680000
1751380800000
1751380920000
1751381040000
1751381160000
1751381280000
1751381400000
1751381520000
1751381640000
1751381760000
1751381880000
1751382000000
1751382120000
1751382240000
1751382360000
1751382480000
1751382600000
1751382720000
1751382840000
1751382960000
1751383080000
1751383200000
1751383320000
1751383440000
1751383560000
1751383680000
1751383800000
1751383920000
1751384040000
1751384160000
1751384280000
1751384400000
1751384520000
1751384640000
1751384760000
1751384880000
1751385000000
1751385120000
1751385240000
1751385360000
1751385480000
1751385600000
