#array:float64[331]
0.1605115
0.15282537
0.1984344
0.16537997
0.13358817
0.16820103
0.16601741
0.16621007
0.169735
0.18984082
0.15595421
0.14209408
0.16699311
0.17622806
0.16302966
0.18122914
0.15504953
0.14999858
0.19596957
0.18040448
0.1636626
0.16004187
0.16581163
0.20806165
0.18382396
0.1935824
0.16157605
0.16198093
0.1688112
0.16133735
0.13313827
0.17036547
0.1820571
151.83739
205.64044
205.80022
205.77425
205.75417
55.365467
150.50475
205.89354
205.61122
205.73508
205.95445
205.82254
205.9578
205.90971
205.64539
205.70573
206.1177
205.73
205.66353
205.88126
205.86462
205.23445
205.75168
206.2953
206.26004
205.8779
205.70247
205.42125
205.75551
205.8908
206.24304
205.77979
206.02176
205.2945
206.08278
205.96658
205.889
206.0945
206.02148
205.72076
205.7658
206.01086
172.16199
0.1937776
0.17366427
0.12507598
0.17557158
0.17663753
0.12917829
30.598413
205.80257
204.43207
205.68692
203.59254
205.02719
205.85612
206.16745
205.903
205.63687
76.63066
0.17087033
0.18376173
0.16416925
0.15641282
23.67522
204.76036
203.84087
205.74736
82.132935
0.18759845
0.17677766
0.14771104
0.16308983
0.14587897
0.16022077
0.17396845
0.18587032
0.13746265
0.18110721
0.18019348
0.16781868
0.15366517
0.1713702
0.17553423
0.1853126
0.19448105
0.14507286
0.1593854
0.13913463
0.20420219
0.18159948
0.14515774
0.19551462
11.045633
206.34795
201.22804
201.3363
202.59273
202.02867
203.82391
158.5291
163.35487
200.00331
206.18431
205.9922
205.4212
205.83104
203.96533
202.98967
199.82623
104.16537
203.15482
203.37817
202.8637
200.27519
0.18453377
0.15326077
0.18925744
0.1789548
0.18335928
0.5932991
181.89496
133.72237
0.4378219
0.1793916
0.15794006
0.18092807
0.13701835
0.2096512
0.19093718
0.16061893
0.21389772
0.17966223
0.13569243
0.18409657
0.19913879
0.15011284
0.14312878
0.15450849
0.15353818
0.19335607
0.1632517
0.17896223
0.1448109
0.11781824
0.18254387
0.18749267
0.17771314
0.16372609
0.18639971
0.17813422
0.20608056
0.17542693
0.19138546
0.12211301
0.16992675
0.15391344
0.19189636
0.16675192
0.15776142
0.18314184
0.15707305
0.19273935
0.14619744
0.14299203
0.13748144
0.17864072
0.17409623
0.17583035
0.16461359
0.19715063
0.19876802
0.14424995
0.21585165
0.19014172
0.14094883
0.16258341
0.16974057
0.15716964
0.14871085
0.16677101
0.17666812
0.17818102
0.14120375
0.11949216
0.1415305
0.15046361
0.16019145
0.16968475
0.1751751
0.17943928
0.1491158
0.125379
0.1782269
0.14145651
0.13527988
0.20429009
0.14190552
0.16311419
0.16436228
0.16603445
0.12552299
0.1532823
0.15035191
0.17641917
0.19084541
0.17045765
0.15983365
0.13797858
0.16285041
0.1296201
0.19132835
0.14622983
0.15077044
0.16755332
0.17249566
0.1591927
0.15665671
0.16052364
0.1324053
0.16702634
0.16585743
0.14548084
0.15448104
0.11624884
0.17744529
0.18156767
170.53255
206.51079
206.47684
205.47704
207.50208
206.47948
206.53409
204.94496
206.0769
206.72194
198.3386
60.298244
205.96072
206.37401
206.34286
205.9567
206.28569
206.18976
206.12502
206.24731
206.48164
206.27463
206.23508
206.6548
206.22606
206.09145
206.02675
206.12425
206.19325
206.28015
206.26767
206.0348
206.29674
205.35155
205.02896
205.22913
206.4854
153.78868
0.1955963
52.16777
206.56898
205.69518
206.22095
206.29005
206.23431
205.89384
205.83286
206.28252
205.36076
204.78577
204.2416
203.5982
203.84439
204.22801
203.60236
203.93394
203.4028
203.74059
205.89032
205.73709
205.97865
205.83691
206.5082
59.165005
0.16493683
0.15154712
0.11315902
0.13822164
0.1531399
0.17476436
0.18610728
