#array:float64[331]
0.2387632
0.18502551
0.2429247
0.2429247
0.16883798
0.22553386
0.20802015
0.20802015
0.19709998
0.22422998
0.17655371
0.16414475
0.23616482
0.23616482
0.17955436
0.2035951
0.2035951
0.15589301
0.22544149
0.19925034
0.24625352
0.17992112
0.20062777
0.21233557
0.21233557
0.2566372
0.21062984
0.18865119
0.20877968
0.19839935
0.22679833
0.1789002
0.22809514
205.15158
205.85677
206.05846
206.05846
205.81015
205.57611
205.90271
205.99161
205.77248
205.91394
206.39543
206.39543
206.1681
206.06082
205.70229
206.2117
206.33473
205.94441
205.82619
205.95093
206.00827
205.6184
206.16135
206.37178
206.31636
206.03159
206.27747
206.27747
205.81636
206.4129
206.4129
206.3904
206.19037
206.07803
206.62839
206.16232
206.29973
206.29973
206.27898
205.96951
206.20865
206.20865
206.08154
0.22287679
0.18663856
0.14154254
0.22553478
0.25045007
0.19213384
206.00258
206.19958
205.40451
206.42989
203.7674
206.06807
206.27075
206.27075
205.9727
206.09717
206.09717
0.23356733
0.19271585
0.2437766
0.2109267
206.18681
206.18681
206.10242
206.79082
206.79082
0.20746186
0.20746186
0.15302706
0.2154458
0.17528209
0.17528209
0.19541454
0.2110047
0.24270661
0.19736637
0.18268193
0.17951974
0.16364951
0.18910499
0.18910499
0.2489036
0.2489036
0.1663267
0.16295794
0.23469307
0.23469307
0.19331805
0.17764565
0.22374608
208.9045
208.9045
201.55441
201.55278
204.23218
206.2099
206.2099
180.75153
194.2646
206.15799
206.23471
206.27098
205.67308
206.027
204.77383
203.02489
202.65689
203.39384
203.69415
203.69415
202.89212
203.44545
0.20423287
0.18446143
0.2146316
0.2146316
0.19642322
188.87407
188.87407
149.34029
97.30646
0.20606762
0.18900977
0.2116727
0.16180481
0.237695
0.237695
0.17225078
0.22920178
0.22920178
0.1598358
0.2226012
0.2226012
0.19925499
0.17667502
0.16281053
0.17169386
0.19759613
0.19759613
0.20611642
0.17237207
0.17237207
0.20857127
0.20857127
0.21844156
0.18935588
0.20303345
0.21273449
0.24550247
0.25143343
0.25143343
0.2101479
0.17771187
0.17771187
0.20281498
0.19892986
0.19892986
0.19552891
0.18233502
0.20933554
0.17496718
0.15443641
0.17514743
0.18978007
0.18978007
0.20251532
0.20722252
0.2215744
0.21898182
0.17763692
0.25420797
0.21051355
0.16748297
0.18292682
0.21561117
0.17035024
0.15473971
0.19670022
0.19670022
0.20274886
0.15360951
0.15360951
0.15441507
0.1627278
0.1735819
0.17614003
0.21260649
0.21260649
0.18783538
0.1515196
0.21105094
0.15623967
0.1380809
0.22923279
0.19334584
0.16893923
0.19263712
0.19027016
0.14634562
0.20488003
0.20488003
0.21316284
0.24905233
0.24905233
0.21369287
0.17940646
0.1983815
0.13210623
0.22663476
0.23189372
0.23189372
0.19936049
0.20025836
0.2285002
0.2285002
0.19561115
0.14975849
0.17030592
0.17419326
0.17419326
0.18616164
0.13005878
0.20269115
0.23666938
206.16568
206.86417
207.1636
207.27176
208.11607
208.11607
206.80653
206.29556
206.64737
206.89612
206.4793
206.1699
206.1699
206.5698
206.48311
206.48311
206.38593
206.44586
206.44586
206.40714
206.76768
206.61858
206.61858
207.09518
206.3919
206.48175
206.06961
206.31601
206.31601
206.55934
206.70396
206.39539
206.60963
206.16957
206.01733
206.15773
206.77245
206.23753
0.23060514
206.14674
208.68384
205.88742
207.14702
207.14702
206.67827
206.03033
206.52142
206.52142
206.39285
206.10124
204.87627
203.75058
204.1146
204.47787
204.43506
204.09131
204.36848
205.58115
206.44733
206.15681
206.4121
206.42767
206.71547
206.13274
0.19360475
0.17122014
0.12984154
0.16188912
0.19132763
0.19132763
0.20824154
