#array:float64[331]
0.11593635
0.13493696
0.1779632
0.13117671
0.11539827
0.13963038
0.13874528
0.12615219
0.12615219
0.15446402
0.11708482
0.11708482
0.122103356
0.14378086
0.14378086
0.14870737
0.13924946
0.14399154
0.14399154
0.16819805
0.11534861
0.15311871
0.15286142
0.20062777
0.17211607
0.17211607
0.14298546
0.12064399
0.12064399
0.11009376
0.10917991
0.14983387
0.12094095
0.12094095
205.10449
205.73431
205.60661
205.57611
0.14213099
0.16512038
205.54225
205.33752
205.33752
205.82175
205.58463
205.58463
205.70229
205.57446
205.56891
205.46234
205.46234
205.60127
205.78848
205.6184
204.98303
205.28748
206.16135
206.03159
205.75143
205.46053
204.76764
205.6903
205.70197
206.0824
205.38844
205.78046
204.75485
205.388
205.69832
205.69832
205.52242
205.38507
205.38507
205.6331
205.85623
0.15395698
0.15395698
0.14154254
0.08731957
0.08731957
0.08017458
0.08017458
0.14263558
203.9767
203.9767
203.47684
203.26408
203.26408
205.74817
205.96646
205.3545
205.3545
0.16097553
0.124099
0.170137
0.13928272
0.13928272
0.18741442
200.42107
200.42107
205.61665
0.16885196
0.17037311
0.14223433
0.14223433
0.10974178
0.10974178
0.14951892
0.14978734
0.13223419
0.13223419
0.16730523
0.15830925
0.14256799
0.14256799
0.11841538
0.14619571
0.14619571
0.14988133
0.12434802
0.11364456
0.11364456
0.17814611
0.17154016
0.11307536
0.13283479
0.13283479
200.87154
200.87154
200.79672
200.79672
200.70766
180.75153
138.62299
149.34097
194.2646
205.73492
205.34969
205.34969
204.77383
203.02489
202.63818
0.18066718
0.18066718
202.90756
202.89212
202.45436
0.16505015
0.14886467
0.14886467
0.16005954
0.14353658
0.15779196
0.15779196
149.34029
97.30646
0.18185998
0.16969098
0.15179051
0.14996916
0.12614717
0.16180481
0.15470889
0.14955598
0.17225078
0.1598358
0.12926003
0.14140202
0.1980612
0.10719641
0.10719641
0.14576672
0.13682415
0.17169386
0.13182913
0.12276121
0.12062352
0.07570483
0.07570483
0.16769134
0.13234039
0.14165154
0.17097616
0.14438158
0.1623607
0.1623607
0.16883619
0.10295499
0.13413432
0.1497543
0.15569896
0.13602023
0.14289796
0.14289796
0.12552957
0.12552957
0.110315256
0.110315256
0.10285367
0.16964997
0.15129954
0.14525385
0.11763952
0.11763952
0.17763692
0.13414043
0.16028552
0.16748297
0.123161405
0.123161405
0.13517223
0.13898377
0.13898377
0.1434887
0.1710651
0.14352937
0.13087104
0.097951464
0.12615804
0.12615804
0.1396382
0.1396382
0.14577007
0.16559619
0.1386366
0.09457808
0.14370443
0.120604165
0.120604165
0.13626255
0.12534507
0.16092405
0.12780899
0.12780899
0.12167003
0.110451534
0.122753635
0.15170199
0.14256425
0.15058453
0.12708691
0.12595682
0.122444876
0.122444876
0.12910576
0.12600216
0.13335979
0.14117466
0.12079497
0.12079497
0.11349909
0.12290047
0.12222698
0.14975849
0.15874538
0.111626245
0.11226554
0.09764171
0.09764171
0.14590846
0.23666938
206.15286
205.56712
204.34781
207.2273
206.0031
206.2105
204.40466
204.93927
206.4793
0.17182389
0.17182389
205.83446
206.0281
206.28694
205.77185
205.98988
205.9829
205.71703
205.71703
205.95792
206.0572
206.01082
206.01082
206.17459
205.87726
205.93216
205.93216
205.93019
205.93019
206.06384
205.77795
205.77795
203.13144
203.13144
204.59506
206.15773
0.23060514
0.14570764
0.14570764
202.3435
205.21423
205.88742
205.93529
205.63568
205.63568
205.53723
206.07265
202.27931
202.27931
203.75058
203.53734
203.54857
203.60428
203.00089
203.57881
200.97287
200.97287
205.01048
205.01048
205.22488
205.5554
206.13274
0.14672549
0.122038305
0.122038305
0.104234904
0.111498
0.118683815
0.16312318
0.14120722
