#array:float64[301]
25.459967
25.697247
26.83461
28.163168
27.283403
28.022938
27.31646
27.495497
28.28814
26.335665
72.33423
46.194366
25.808926
76.57237
119.49641
119.2535
120.03419
119.73931
118.18154
119.29776
117.75534
122.32338
115.247765
117.07967
101.9429
120.47892
120.80918
129.43375
118.16713
119.9396
118.16788
121.813225
117.26886
119.28121
116.80586
120.839554
117.8965
118.53357
119.344
117.54604
116.8396
119.36167
122.15309
116.981606
119.039894
76.47578
27.10147
27.796572
27.400227
28.277802
27.84134
26.957283
81.550644
252.939
256.71466
253.76921
253.67538
254.83632
257.946
256.5533
257.1688
178.10959
26.670187
26.876575
25.53444
25.610373
26.561413
100.23585
251.71819
252.0022
258.85617
116.22145
26.630386
28.42363
13.472714
0.0
0.0
0.0
0.0
0.0
0.0
0.0
0.0
0.0
0.0
0.0
0.0
0.0
0.0
0.0
0.0
4.581548
26.349913
23.090086
22.820574
23.949501
29.84516
245.26598
246.45921
247.80907
248.05777
244.86273
236.0717
172.02188
212.48958
246.51794
246.64365
238.01952
250.76022
249.04823
245.41731
247.5149
151.83481
232.39896
247.99545
245.31274
242.34647
163.97507
0.0
0.0
0.0
0.0
11.217558
25.380096
210.6092
154.31496
24.229532
23.133991
23.81276
22.603548
22.756824
22.760042
22.458488
22.65109
23.30501
22.603086
22.99413
23.551258
24.6325
23.574465
22.800035
22.33498
23.400019
24.025507
22.336561
23.231464
22.688444
23.111902
22.841507
23.90909
23.57328
23.338749
23.225718
22.783665
22.547405
10.565357
0.0
0.0
0.0
0.0
0.0
0.0
0.0
0.013693461
0.0
0.0
0.0
0.0
0.013328374
0.0
0.0
0.0
0.0
0.0
0.0
0.0
0.0
0.0
0.0
0.0
0.0
0.0
0.0
0.0
0.0
0.0
0.012635747
0.0
0.0
0.0
0.0
0.0
0.0
0.0
0.0
0.0
0.0
0.0
0.0
0.026770731
0.0
0.0
0.012875573
0.0
0.0
0.0
0.0
0.0
0.0
0.0
0.0
0.0
0.0
0.0
0.013055606
0.0
0.0
0.0
0.0
8.431124
26.343924
23.45954
24.184679
24.348473
24.497343
23.889818
26.264257
25.45376
26.374933
31.442032
39.100346
35.516193
34.857834
38.376835
34.753532
36.05422
37.26041
37.28178
70.23824
70.4553
71.12148
50.502956
115.39545
134.93715
246.7489
249.82101
248.13303
251.38051
248.712
252.08986
253.633
255.50652
254.39528
249.75719
251.49814
253.52295
254.92801
257.2613
250.2254
255.75241
252.73505
256.66336
254.4793
246.42099
255.37914
252.0633
253.15334
177.65302
26.870167
139.01999
223.33974
254.03563
252.54073
254.92984
251.1172
252.36684
254.24548
255.04747
254.8226
191.59135
109.29135
116.51759
116.42429
117.505
120.0701
118.69507
119.14847
117.43954
115.56381
119.37453
118.424545
121.09781
119.64873
51.156715
0.0
0.0
0.0
0.0
0.0
0.0
0.0
