Seconds	Dose rate (uSv/h)	Max dose rate (uSv/h)	Status	Time	Comm. error
3834165653	20.8073	27.5	2(O)	00:00	0
3834165713	19.6318	28.6633	2(O)	00:01	0
3834165773	20.518	31.51	2(O)	00:02	0
3834165833	18.285	26.3566	2(O)	00:03	0
3834165893	18.515	28.0766	2(O)	00:04	0
3834165953	21.0655	28.6433	2(O)	00:05	0
3834166013	19.9751	30.9533	2(O)	00:06	0
3834166073	20.6335	29.7966	2(O)	00:07	0
3834166133	20.0616	27.5066	2(O)	00:08	0
3834166193	20.291	26.94	2(O)	00:09	0
3834166253	19.8906	27.51	2(O)	00:10	0
3834166313	19.0305	25.2233	2(O)	00:11	0
3834166373	20.3208	31.52	2(O)	00:12	0
3834166433	20.7213	28.0833	2(O)	00:13	0
3834166493	19.5181	25.7966	2(O)	00:14	0
3834166553	21.0938	28.6566	2(O)	00:15	0
3834166613	19.7755	28.0933	2(O)	00:16	0
3834166673	19.746	25.79	2(O)	00:17	0
3834166733	20.1475	26.9433	2(O)	00:18	0
3834166793	19.9746	26.9333	2(O)	00:19	0
3834166853	19.6016	28.6466	2(O)	00:20	0
3834166913	19.5746	25.79	2(O)	00:21	0
3834166973	20.3748	27.5	2(O)	00:22	0
3834167033	20.148	26.35	2(O)	00:23	0
3834167093	20.2916	26.3666	2(O)	00:24	0
3834167153	20.0045	30.9466	2(O)	00:25	0
3834167213	20.5478	28.0766	2(O)	00:26	0
3834167273	19.773	25.78	2(O)	00:27	0
3834167333	18.8875	26.35	2(O)	00:28	0
3834167393	20.0615	30.9433	2(O)	00:29	0
3834167453	21.4065	28.6433	2(O)	00:30	0
3834167513	20.176	28.0833	2(O)	00:31	0
3834167573	19.5158	25.7933	2(O)	00:32	0
3834167633	19.833	25.2233	2(O)	00:33	0
3834167693	20.3763	26.36	2(O)	00:34	0
3834167753	20.033	27.49	2(O)	00:35	0
3834167813	21.9516	32.1033	2(O)	00:36	0
3834167873	20.3205	28.6533	2(O)	00:37	0
3834167933	19.4298	26.93	2(O)	00:38	0
3834167993	21.2346	29.7933	2(O)	00:39	0
3834168053	19.8036	26.94	2(O)	00:40	0
3834168113	18.9143	24.6466	2(O)	00:41	0
3834168173	20.032	26.3666	2(O)	00:42	0
3834168233	20.5175	28.6566	2(O)	00:43	0
3834168293	19.9465	25.7833	2(O)	00:44	0
3834168353	20.778	27.5166	2(O)	00:45	0
3834168413	19.3145	26.37	2(O)	00:46	0
3834168473	20.6916	26.3666	2(O)	00:47	0
3834168533	21.6651	30.3666	2(O)	00:48	0
3834168593	20.4633	27.5166	2(O)	00:49	0
3834168653	19.1158	26.37	2(O)	00:50	0
3834168713	20.3765	30.38	2(O)	00:51	0
3834168773	20.3198	28.0833	2(O)	00:52	0
3834168833	19.2315	26.9466	2(O)	00:53	0
3834168893	20.9498	28.0866	2(O)	00:54	0
3834168953	20.233	29.2333	2(O)	00:55	0
3834169013	20.2911	28.6466	2(O)	00:56	0
3834169073	19.4296	25.7866	2(O)	00:57	0
3834169133	21.033	26.3566	2(O)	00:58	0
3834169193	21.521	30.9433	2(O)	00:59	0
3834169253	20.9496	30.3666	2(O)	01:00	0
3834169313	19.7483	25.7966	2(O)	01:01	0
3834169373	20.4618	28.0766	2(O)	01:02	0
3834169433	20.8913	26.93	2(O)	01:03	0
3834169493	19.719	26.37	2(O)	01:04	0
3834169553	19.318	26.94	2(O)	01:05	0
3834169613	20.691	28.0633	2(O)	01:06	0
3834169673	19.9748	26.3466	2(O)	01:07	0
3834169733	20.4906	26.9433	2(O)	01:08	0
3834169793	21.033	28.07	2(O)	01:09	0
3834169853	19.9756	26.9366	2(O)	01:10	0
3834169913	19.9468	26.3633	2(O)	01:11	0
3834169973	21.8365	30.38	2(O)	01:12	0
3834170033	21.2936	28.08	2(O)	01:13	0
3834170093	21.15	30.38	2(O)	01:14	0
3834170153	19.7453	27.51	2(O)	01:15	0
3834170213	20.607	28.66	2(O)	01:16	0
3834170273	20.4905	28.0733	2(O)	01:17	0
3834170333	19.8606	25.79	2(O)	01:18	0
3834170393	20.6918	32.0866	2(O)	01:19	0
3834170453	20.4341	27.51	2(O)	01:20	0
3834170513	21.5796	32.0966	2(O)	01:21	0
3834170573	21.1775	26.3566	2(O)	01:22	0
3834170633	19.2608	26.94	2(O)	01:23	0
3834170693	18.9745	26.3666	2(O)	01:24	0
3834170753	19.4293	29.8066	2(O)	01:25	0
3834170813	20.7483	29.2233	2(O)	01:26	0
3834170873	19.343	30.3633	2(O)	01:27	0
3834170933	20.2618	27.5033	2(O)	01:28	0
3834170993	20.2038	26.9266	2(O)	01:29	0
3834171053	20.1176	26.36	2(O)	01:30	0
3834171113	21.0636	28.0833	2(O)	01:31	0
3834171173	20.6335	26.9266	2(O)	01:32	0
3834171233	19.9465	28.6533	2(O)	01:33	0
3834171293	21.1218	27.5133	2(O)	01:34	0
3834171353	18.2855	25.79	2(O)	01:35	0
3834171413	19.403	26.94	2(O)	01:36	0
3834171473	20.318	30.3733	2(O)	01:37	0
3834171533	19.545	26.9433	2(O)	01:38	0
3834171593	20.6336	29.8066	2(O)	01:39	0
3834171653	19.5173	26.94	2(O)	01:40	0
3834171713	19.0588	24.6366	2(O)	01:41	0
3834171773	18.9715	29.8033	2(O)	01:42	0
3834171833	18.083	25.2266	2(O)	01:43	0
3834171893	18.0841	26.3666	2(O)	01:44	0
3834171953	18.1695	25.21	2(O)	01:45	0
3834172013	18.7733	25.2233	2(O)	01:46	0
3834172073	19.3446	25.7866	2(O)	01:47	0
3834172133	19.0011	25.79	2(O)	01:48	0
3834172193	17.8265	27.5	2(O)	01:49	0
3834172253	18.4573	25.22	2(O)	01:50	0
3834172313	18.599	27.4966	2(O)	01:51	0
3834172373	18.2	27.5033	2(O)	01:52	0
3834172433	18.8031	25.7966	2(O)	01:53	0
3834172493	19.9743	32.6666	2(O)	01:54	0
3834172553	19.0596	26.3666	2(O)	01:55	0
3834172613	18.8288	25.22	2(O)	01:56	0
3834172673	19.4316	25.2166	2(O)	01:57	0
3834172733	19.3153	28.6533	2(O)	01:58	0
3834172793	19.6865	29.7833	2(O)	01:59	0
3834172853	16.9398	24.0766	2(O)	02:00	0
3834172913	19.2881	24.6333	2(O)	02:01	0
3834172973	19.2321	26.37	2(O)	02:02	0
3834173033	19.8036	26.36	2(O)	02:03	0
3834173093	18.8588	30.3766	2(O)	02:04	0
3834173153	19.862	25.7933	2(O)	02:05	0
3834173213	20.3786	32.67	2(O)	02:06	0
3834173273	21.007	28.6533	2(O)	02:07	0
3834173333	20.005	29.2233	2(O)	02:08	0
3834173393	22.182	30.95	2(O)	02:09	0
3834173453	19.9465	28.09	2(O)	02:10	0
3834173513	21.2931	34.39	2(O)	02:11	0
3834173573	20.2058	30.95	2(O)	02:12	0
3834173633	21.666	32.67	2(O)	02:13	0
3834173693	20.8923	26.94	2(O)	02:14	0
3834173753	20.289	29.2233	2(O)	02:15	0
3834173813	19.7148	26.36	2(O)	02:16	0
3834173873	21.066	28.6566	2(O)	02:17	0
3834173933	19.5163	28.6533	2(O)	02:18	0
3834173993	20.0618	28.0733	2(O)	02:19	0
3834174053	19.7465	26.91	2(O)	02:20	0
3834174113	20.0901	29.8	2(O)	02:21	0
3834174173	22.4676	29.7966	2(O)	02:22	0
3834174233	20.7466	33.2366	2(O)	02:23	0
3834174293	19.2008	26.94	2(O)	02:24	0
3834174353	19.803	26.3633	2(O)	02:25	0
3834174413	19.8903	29.8066	2(O)	02:26	0
3834174473	20.8358	28.08	2(O)	02:27	0
3834174533	19.4595	30.37	2(O)	02:28	0
3834174593	19.889	26.93	2(O)	02:29	0
3834174653	19.8023	26.9366	2(O)	02:30	0
3834174713	21.7238	29.22	2(O)	02:31	0
3834174773	19.6583	25.22	2(O)	02:32	0
3834174833	19.4865	28.0766	2(O)	02:33	0
3834174893	19.9751	26.3633	2(O)	02:34	0
3834174953	20.0031	26.92	2(O)	02:35	0
3834175013	19.374	25.78	2(O)	02:36	0
3834175073	20.4326	27.5166	2(O)	02:37	0
3834175133	21.264	26.9366	2(O)	02:38	0
3834175193	20.3766	29.2266	2(O)	02:39	0
3834175253	19.8883	27.5133	2(O)	02:40	0
3834175313	20.6886	29.2233	2(O)	02:41	0
3834175373	20.4338	28.6666	2(O)	02:42	0
3834175433	20.463	26.36	2(O)	02:43	0
3834175493	20.4611	25.2166	2(O)	02:44	0
3834175553	21.3488	28.66	2(O)	02:45	0
3834175612	20.8331	27.5166	2(O)	02:46	0
3834175672	19.9171	29.7966	2(O)	02:47	0
3834175732	21.4078	30.37	2(O)	02:48	0
3834175792	20.5175	26.9366	2(O)	02:49	0
3834175852	20.119	28.6533	2(O)	02:50	0
3834175912	19.8903	29.2266	2(O)	02:51	0
3834175972	19.8903	27.4966	2(O)	02:52	0
3834176032	21.0941	26.9333	2(O)	02:53	0
3834176092	20.3488	24.6433	2(O)	02:54	0
3834176152	21.0356	26.94	2(O)	02:55	0
3834176212	20.6326	30.3633	2(O)	02:56	0
3834176272	20.8618	29.22	2(O)	02:57	0
3834176332	19.5458	29.7933	2(O)	02:58	0
3834176392	19.717	25.2233	2(O)	02:59	0
3834176452	20.2626	26.37	2(O)	03:00	0
3834176512	19.9488	25.7966	2(O)	03:01	0
3834176572	19.6023	26.94	2(O)	03:02	0
3834176632	19.2311	27.5	2(O)	03:03	0
3834176692	19.8618	27.5033	2(O)	03:04	0
3834176752	20.663	29.2366	2(O)	03:05	0
3834176812	19.9465	28.0866	2(O)	03:06	0
3834176872	20.263	26.3666	2(O)	03:07	0
3834176932	20.8625	27.5133	2(O)	03:08	0
3834176992	20.0331	26.94	2(O)	03:09	0
3834177052	20.1185	28.65	2(O)	03:10	0
3834177112	18.8863	28.65	2(O)	03:11	0
3834177172	20.5206	30.3633	2(O)	03:12	0
3834177232	20.318	29.2233	2(O)	03:13	0
3834177292	19.8038	29.8033	2(O)	03:14	0
3834177352	20.0606	27.5166	2(O)	03:15	0
3834177412	19.831	28.65	2(O)	03:16	0
3834177472	19.5445	25.8	2(O)	03:17	0
3834177532	19.5733	25.7933	2(O)	03:18	0
3834177592	20.4358	30.3733	2(O)	03:19	0
3834177652	20.5486	28.0766	2(O)	03:20	0
3834177712	21.266	33.82	2(O)	03:21	0
3834177772	20.4601	26.36	2(O)	03:22	0
3834177832	20.662	28.0833	2(O)	03:23	0
3834177892	20.3185	28.08	2(O)	03:24	0
3834177952	19.602	25.21	2(O)	03:25	0
3834178012	21.5773	29.7966	2(O)	03:26	0
3834178072	19.918	29.8033	2(O)	03:27	0
3834178132	20.5771	28.66	2(O)	03:28	0
3834178192	19.7748	26.3533	2(O)	03:29	0
3834178252	19.917	29.2333	2(O)	03:30	0
3834178312	21.1508	28.6533	2(O)	03:31	0
3834178372	20.9503	30.3666	2(O)	03:32	0
3834178432	19.8596	27.51	2(O)	03:33	0
3834178492	19.5468	26.9333	2(O)	03:34	0
3834178552	20.722	27.5133	2(O)	03:35	0
3834178612	21.4928	26.3666	2(O)	03:36	0
3834178672	21.5216	29.7833	2(O)	03:37	0
3834178732	20.692	28.6466	2(O)	03:38	0
3834178792	18.4553	28.6466	2(O)	03:39	0
3834178852	20.6928	28.66	2(O)	03:40	0
3834178912	19.1446	27.5133	2(O)	03:41	0
3834178972	18.687	29.23	2(O)	03:42	0
3834179032	21.5798	29.8033	2(O)	03:43	0
3834179092	19.9471	28.66	2(O)	03:44	0
3834179152	20.0895	29.8033	2(O)	03:45	0
3834179212	20.1753	26.9266	2(O)	03:46	0
3834179272	20.09	31.5266	2(O)	03:47	0
3834179332	20.6338	28.0766	2(O)	03:48	0
3834179392	20.7766	27.5066	2(O)	03:49	0
3834179452	20.4633	25.2233	2(O)	03:50	0
3834179512	19.43	28.09	2(O)	03:51	0
3834179572	20.6061	27.5066	2(O)	03:52	0
3834179632	19.6035	26.3633	2(O)	03:53	0
3834179692	20.6633	26.94	2(O)	03:54	0
3834179752	19.7745	25.22	2(O)	03:55	0
3834179812	21.6931	29.8033	2(O)	03:56	0
3834179872	20.5486	26.9366	2(O)	03:57	0
3834179932	20.6351	27.5166	2(O)	03:58	0
3834179992	21.5213	31.5266	2(O)	03:59	0
3834180052	20.2903	29.2366	2(O)	04:00	0
3834180112	20.4323	31.5	2(O)	04:01	0
3834180172	19.5456	28.09	2(O)	04:02	0
3834180232	19.4891	25.2133	2(O)	04:03	0
3834180292	20.176	31.52	2(O)	04:04	0
3834180352	20.951	26.3666	2(O)	04:05	0
3834180412	20.4626	26.3666	2(O)	04:06	0
3834180472	21.523	27.5066	2(O)	04:07	0
3834180532	21.8681	29.2333	2(O)	04:08	0
3834180592	19.6021	26.9266	2(O)	04:09	0
3834180652	19.432	26.94	2(O)	04:10	0
3834180712	21.5491	29.2366	2(O)	04:11	0
3834180772	19.8323	28.66	2(O)	04:12	0
3834180832	20.7191	29.2233	2(O)	04:13	0
3834180892	19.8608	26.3733	2(O)	04:14	0
3834180952	20.9203	29.7866	2(O)	04:15	0
3834181012	19.4023	24.6466	2(O)	04:16	0
3834181072	21.0623	32.0666	2(O)	04:17	0
3834181132	20.6923	29.2333	2(O)	04:18	0
3834181192	20.52	25.22	2(O)	04:19	0
3834181252	22.2113	29.2266	2(O)	04:20	0
3834181312	19.8616	25.7933	2(O)	04:21	0
3834181372	20.807	31.52	2(O)	04:22	0
3834181432	20.348	26.3633	2(O)	04:23	0
3834181492	19.0293	25.2233	2(O)	04:24	0
3834181552	19.86	26.9366	2(O)	04:25	0
3834181612	21.3786	26.3633	2(O)	04:26	0
3834181672	20.4331	28.07	2(O)	04:27	0
3834181732	19.8305	29.2266	2(O)	04:28	0
3834181792	18.9463	28.6533	2(O)	04:29	0
3834181852	20.6926	28.0833	2(O)	04:30	0
3834181912	20.6051	30.3766	2(O)	04:31	0
3834181972	20.4048	29.2233	2(O)	04:32	0
3834182032	20.4348	29.2366	2(O)	04:33	0
3834182092	20.8066	30.9433	2(O)	04:34	0
3834182152	21.005	28.64	2(O)	04:35	0
3834182212	19.7175	28.0866	2(O)	04:36	0
3834182272	21.6043	30.3733	2(O)	04:37	0
3834182332	20.4346	29.23	2(O)	04:38	0
3834182392	19.3173	27.5133	2(O)	04:39	0
3834182452	21.2913	32.6633	2(O)	04:40	0
3834182512	20.694	26.94	2(O)	04:41	0
3834182572	21.2068	28.66	2(O)	04:42	0
3834182632	20.4328	28.0866	2(O)	04:43	0
3834182692	20.5201	28.0766	2(O)	04:44	0
3834182752	20.4333	30.94	2(O)	04:45	0
3834182812	20.377	28.65	2(O)	04:46	0
3834182872	19.9168	26.94	2(O)	04:47	0
3834182932	19.4006	29.2166	2(O)	04:48	0
3834182992	20.0051	25.79	2(O)	04:49	0
3834183052	18.9715	28.08	2(O)	04:50	0
3834183112	19.6603	25.22	2(O)	04:51	0
3834183172	19.7461	27.5166	2(O)	04:52	0
3834183232	18.2255	26.9166	2(O)	04:53	0
3834183292	19.1155	27.5166	2(O)	04:54	0
3834183352	19.6615	25.8	2(O)	04:55	0
3834183412	19.1166	28.6633	2(O)	04:56	0
3834183472	18.5131	27.5033	2(O)	04:57	0
3834183532	18.5143	24.0766	2(O)	04:58	0
3834183592	20.0905	28.08	2(O)	04:59	0
3834183652	20.1481	31.5266	2(O)	05:00	0
3834183712	19.2015	26.9233	2(O)	05:01	0
3834183772	18.4293	25.7966	2(O)	05:02	0
3834183832	19.374	28.0766	2(O)	05:03	0
3834183892	18.8885	26.3633	2(O)	05:04	0
3834183952	20.3458	28.6566	2(O)	05:05	0
3834184012	20.3191	28.0833	2(O)	05:06	0
3834184072	18.9161	25.7933	2(O)	05:07	0
3834184132	18.6293	25.7866	2(O)	05:08	0
3834184192	20.0886	26.9333	2(O)	05:09	0
3834184252	20.2611	24.65	2(O)	05:10	0
3834184312	19.0041	25.7966	2(O)	05:11	0
3834184372	18.8855	25.7766	2(O)	05:12	0
3834184432	19.4026	26.9333	2(O)	05:13	0
3834184492	18.3723	26.37	2(O)	05:14	0
3834184552	18.4	26.3666	2(O)	05:15	0
3834184612	18.7146	26.9266	2(O)	05:16	0
3834184672	18.2275	24.6366	2(O)	05:17	0
3834184732	20.5776	27.52	2(O)	05:18	0
3834184792	18.3441	25.2133	2(O)	05:19	0
3834184852	18.714	28.0866	2(O)	05:20	0
3834184912	17.7418	24.65	2(O)	05:21	0
3834184972	18.802	26.3666	2(O)	05:22	0
3834185032	18.4873	24.65	2(O)	05:23	0
3834185092	19.717	28.6633	2(O)	05:24	0
3834185152	20.061	25.7933	2(O)	05:25	0
3834185212	19.0296	31.5133	2(O)	05:26	0
3834185272	18.9741	28.0866	2(O)	05:27	0
3834185332	17.6258	25.22	2(O)	05:28	0
3834185392	20.6626	32.08	2(O)	05:29	0
3834185452	17.8543	24.0666	2(O)	05:30	0
3834185512	19.1425	25.22	2(O)	05:31	0
3834185572	17.5968	26.3633	2(O)	05:32	0
3834185632	19.0878	24.6466	2(O)	05:33	0
3834185691	18.2006	23.5033	2(O)	05:34	0
3834185751	17.6536	24.6366	2(O)	05:35	0
3834185811	19.6598	26.92	2(O)	05:36	0
3834185871	17.9415	24.0666	2(O)	05:37	0
3834185931	19.4328	24.08	2(O)	05:38	0
3834185991	18.4291	24.0766	2(O)	05:39	0
3834186051	18.8576	23.5033	2(O)	05:40	0
3834186111	18.8581	25.22	2(O)	05:41	0
3834186171	18.2558	26.3733	2(O)	05:42	0
3834186231	18.8856	24.6333	2(O)	05:43	0
3834186291	19.0568	25.7933	2(O)	05:44	0
3834186351	19.4021	28.08	2(O)	05:45	0
3834186411	18.5433	25.22	2(O)	05:46	0
3834186471	19.1726	25.79	2(O)	05:47	0
3834186531	19.1741	26.3733	2(O)	05:48	0
3834186591	19.8038	27.5166	2(O)	05:49	0
3834186651	18.4001	25.7933	2(O)	05:50	0
3834186711	17.9983	24.07	2(O)	05:51	0
3834186771	17.6251	28.66	2(O)	05:52	0
3834186831	19.5458	28.0766	2(O)	05:53	0
3834186891	16.9968	29.23	2(O)	05:54	0
3834186951	18.3986	27.51	2(O)	05:55	0
3834187011	18.3718	25.2233	2(O)	05:56	0
3834187071	20.1478	26.94	2(O)	05:57	0
3834187131	17.4258	27.5166	2(O)	05:58	0
3834187191	18.4845	24.07	2(O)	05:59	0
3834187251	19.0285	26.9333	2(O)	06:00	0
3834187311	18.8871	25.7933	2(O)	06:01	0
3834187371	18.5141	25.2233	2(O)	06:02	0
3834187431	19.4023	26.3433	2(O)	06:03	0
3834187491	18.2833	25.7866	2(O)	06:04	0
3834187551	18.2571	26.36	2(O)	06:05	0
3834187611	19.7156	27.5066	2(O)	06:06	0
3834187671	18.3703	23.49	2(O)	06:07	0
3834187731	17.2525	24.64	2(O)	06:08	0
3834187791	19.3146	25.22	2(O)	06:09	0
3834187851	18.6293	25.2233	2(O)	06:10	0
3834187911	19.6866	30.95	2(O)	06:11	0
3834187971	18.3425	25.7833	2(O)	06:12	0
3834188031	20.0328	25.8	2(O)	06:13	0
3834188091	20.061	26.9333	2(O)	06:14	0
3834188151	20.0028	26.3666	2(O)	06:15	0
3834188211	19.5178	25.7866	2(O)	06:16	0
3834188271	18.9736	22.9233	2(O)	06:17	0
3834188331	17.9995	24.0766	2(O)	06:18	0
3834188391	19.2588	28.6566	2(O)	06:19	0
3834188451	18.9725	26.3733	2(O)	06:20	0
3834188511	18.7151	24.65	2(O)	06:21	0
3834188571	19.2586	28.0833	2(O)	06:22	0
3834188631	17.8843	25.2066	2(O)	06:23	0
3834188691	18.4563	26.9333	2(O)	06:24	0
3834188751	20.3186	28.6666	2(O)	06:25	0
3834188811	19.2008	26.9333	2(O)	06:26	0
3834188871	19.1726	27.5	2(O)	06:27	0
3834188932	18.9445	27.51	2(O)	06:28	0
3834188992	19.8315	33.24	2(O)	06:29	0
3834189052	19.1166	27.51	2(O)	06:30	0
3834189112	18.5698	25.78	2(O)	06:31	0
3834189172	19.4311	25.22	2(O)	06:32	0
3834189231	19.4035	25.7766	2(O)	06:33	0
3834189291	18.7446	28.6633	2(O)	06:34	0
3834189351	17.6848	23.5	2(O)	06:35	0
3834189412	19.0283	26.3566	2(O)	06:36	0
3834189472	20.0606	31.5166	2(O)	06:37	0
3834189532	18.745	26.37	2(O)	06:38	0
3834189592	19.917	28.0833	2(O)	06:39	0
3834189652	17.7118	24.65	2(O)	06:40	0
3834189712	18.6288	23.4966	2(O)	06:41	0
3834189772	20.2045	26.9233	2(O)	06:42	0
3834189832	18.0846	30.35	2(O)	06:43	0
3834189892	18.7171	25.2233	2(O)	06:44	0
3834189952	19.2601	28.6566	2(O)	06:45	0
3834190012	17.8858	25.8	2(O)	06:46	0
3834190072	17.4541	24.6466	2(O)	06:47	0
3834190132	18.6015	29.2333	2(O)	06:48	0
3834190192	18.2	23.5	2(O)	06:49	0
3834190252	18.457	25.7933	2(O)	06:50	0
3834190312	18.2013	23.4966	2(O)	06:51	0
3834190372	18.8585	25.79	2(O)	06:52	0
3834190432	18.0553	24.0733	2(O)	06:53	0
3834190492	18.1428	24.65	2(O)	06:54	0
3834190552	17.9988	25.22	2(O)	06:55	0
3834190612	19.2873	26.3733	2(O)	06:56	0
3834190672	20.0911	25.22	2(O)	06:57	0
3834190732	20.5498	26.37	2(O)	06:58	0
3834190792	17.9413	27.5133	2(O)	06:59	0
3834190852	19.229	30.3566	2(O)	07:00	0
3834190912	18.7733	25.7966	2(O)	07:01	0
3834190972	19.8336	25.7933	2(O)	07:02	0
3834191032	19.0015	24.6433	2(O)	07:03	0
3834191092	18.7145	28.0766	2(O)	07:04	0
3834191152	18.3126	26.36	2(O)	07:05	0
3834191212	19.3451	26.9366	2(O)	07:06	0
3834191272	19.4881	26.9333	2(O)	07:07	0
3834191332	19.0015	28.65	2(O)	07:08	0
3834191392	17.9131	26.3733	2(O)	07:09	0
3834191452	19.288	25.7966	2(O)	07:10	0
3834191512	18.6275	26.9366	2(O)	07:11	0
3834191572	19.4036	27.5	2(O)	07:12	0
3834191632	17.999	26.37	2(O)	07:13	0
3834191692	19.2871	26.35	2(O)	07:14	0
3834191752	18.7966	26.36	2(O)	07:15	0
3834191812	19.2323	24.08	2(O)	07:16	0
3834191872	19.0021	25.2266	2(O)	07:17	0
3834191932	18.8013	27.5166	2(O)	07:18	0
3834191992	18.2568	25.2166	2(O)	07:19	0
3834192052	20.1766	28.09	2(O)	07:20	0
3834192112	17.7131	25.7833	2(O)	07:21	0
3834192172	19.3463	28.09	2(O)	07:22	0
3834192232	18.9441	29.8	2(O)	07:23	0
3834192292	19.5745	26.3566	2(O)	07:24	0
3834192352	19.432	27.5133	2(O)	07:25	0
3834192412	20.8931	30.9466	2(O)	07:26	0
3834192472	18.8593	24.6533	2(O)	07:27	0
3834192532	18.5993	25.2066	2(O)	07:28	0
3834192592	19.46	26.3733	2(O)	07:29	0
3834192652	17.8551	24.6433	2(O)	07:30	0
3834192712	18.5423	29.2233	2(O)	07:31	0
3834192772	19.4321	27.51	2(O)	07:32	0
3834192832	18.7725	24.6533	2(O)	07:33	0
3834192892	18.601	26.9433	2(O)	07:34	0
3834192952	17.5121	25.22	2(O)	07:35	0
3834193012	19.748	28.09	2(O)	07:36	0
3834193072	19.1756	25.7966	2(O)	07:37	0
3834193132	18.2555	27.4966	2(O)	07:38	0
3834193192	18.3686	25.79	2(O)	07:39	0
3834193252	19.9206	28.0933	2(O)	07:40	0
3834193312	19.3431	29.24	2(O)	07:41	0
3834193372	19.1436	25.2166	2(O)	07:42	0
3834193432	17.6546	24.6366	2(O)	07:43	0
3834193492	18.486	26.9366	2(O)	07:44	0
3834193552	19.516	29.2266	2(O)	07:45	0
3834193612	18.916	24.65	2(O)	07:46	0
3834193672	19.6881	27.5133	2(O)	07:47	0
3834193732	17.4561	25.79	2(O)	07:48	0
3834193792	19.4023	28.0866	2(O)	07:49	0
3834193852	19.2876	26.94	2(O)	07:50	0
3834193912	18.6285	24.6466	2(O)	07:51	0
3834193972	18.3126	25.2166	2(O)	07:52	0
3834194032	19.7178	27.5066	2(O)	07:53	0
3834194092	17.7708	23.4966	2(O)	07:54	0
3834194152	19.5183	30.3666	2(O)	07:55	0
3834194212	18.4581	25.22	2(O)	07:56	0
3834194272	20.3478	26.9366	2(O)	07:57	0
3834194332	20.3763	25.79	2(O)	07:58	0
3834194392	20.3471	31.51	2(O)	07:59	0
3834194452	17.7396	22.93	2(O)	08:00	0
3834194512	19.0586	26.9333	2(O)	08:01	0
3834194572	17.5681	25.79	2(O)	08:02	0
3834194632	20.4036	29.8	2(O)	08:03	0
3834194692	20.6623	29.7866	2(O)	08:04	0
3834194752	20.6628	26.37	2(O)	08:05	0
3834194812	19.6591	26.37	2(O)	08:06	0
3834194872	21.4066	33.8133	2(O)	08:07	0
3834194932	20.9771	26.94	2(O)	08:08	0
3834194992	18.6005	25.8	2(O)	08:09	0
3834195052	20.3186	27.5166	2(O)	08:10	0
3834195112	19.746	28.0866	2(O)	08:11	0
3834195172	20.2308	26.9433	2(O)	08:12	0
3834195232	20.6596	29.7866	2(O)	08:13	0
3834195292	20.6038	28.0833	2(O)	08:14	0
3834195352	18.6591	25.79	2(O)	08:15	0
3834195412	21.3783	30.9433	2(O)	08:16	0
3834195472	21.7221	31.52	2(O)	08:17	0
3834195532	19.8611	26.9166	2(O)	08:18	0
3834195592	20.3765	27.51	2(O)	08:19	0
3834195652	29.7386	216.51	2(O)	08:20	0
3834195712	217.971	257.78	2(O)	08:21	0
3834195771	91.1653	245.8	2(O)	08:22	0
3834195832	21.3203	26.9333	2(O)	08:23	0
3834195891	22.696	32.65	2(O)	08:24	0
3834195951	19.2315	25.8	2(O)	08:25	0
3834196011	41.366	242.25	2(O)	08:26	0
3834196071	217.936	254.3	2(O)	08:27	0
3834196131	220.192	257.75	2(O)	08:28	0
3834196191	225.881	275.03	2(O)	08:29	0
3834196251	216.863	257.87	2(O)	08:30	0
3834196311	218.842	254.39	2(O)	08:31	0
3834196371	219.955	278.38	2(O)	08:32	0
3834196431	217.917	261.22	2(O)	08:33	0
3834196491	219.297	266.38	2(O)	08:34	0
3834196551	219.069	257.76	2(O)	08:35	0
3834196611	217.02	266.4	2(O)	08:36	0
3834196671	216.007	259.46	2(O)	08:37	0
3834196731	220.318	266.46	2(O)	08:38	0
3834196791	218.369	261.23	2(O)	08:39	0
3834196851	221.407	278.42	2(O)	08:40	0
3834196911	213.842	287.02	2(O)	08:41	0
3834196971	221.884	266.53	2(O)	08:42	0
3834197031	219.654	269.75	2(O)	08:43	0
3834197091	197.739	264.74	2(O)	08:44	0
3834197151	220.243	280.09	2(O)	08:45	0
3834197211	220.531	264.71	2(O)	08:46	0
3834197271	218.243	257.82	2(O)	08:47	0
3834197331	216.074	257.78	2(O)	08:48	0
3834197391	160.876	250.89	2(O)	08:49	0
3834197451	216.43	276.46	2(O)	08:50	0
3834197511	235.095	507	2(O)	08:51	0
3834197571	219.496	266.41	2(O)	08:52	0
3834197631	218.919	273.17	2(O)	08:53	0
3834197691	223.359	417.61	2(O)	08:54	0
3834197751	253.105	541.45	2(O)	08:55	0
3834197811	220.403	261.229	2(O)	08:56	0
3834197871	219.118	261.19	2(O)	08:57	0
3834197931	219.356	269.83	2(O)	08:58	0
3834197991	220.984	271.58	2(O)	08:59	0
3834198051	221.477	266.39	2(O)	09:00	0
3834198111	219.837	269.8	2(O)	09:01	0
3834198171	223.711	262.91	2(O)	09:02	0
3834198231	216.538	264.63	2(O)	09:03	0
3834198291	217.233	278.45	2(O)	09:04	0
3834198351	223.25	256.11	2(O)	09:05	0
3834198411	218.841	264.67	2(O)	09:06	0
3834198471	215.651	262.95	2(O)	09:07	0
3834198531	222.216	273.2	2(O)	09:08	0
3834198591	219.292	256.12	2(O)	09:09	0
3834198651	219.494	264.65	2(O)	09:10	0
3834198711	218.517	268.11	2(O)	09:11	0
3834198771	218.911	261.26	2(O)	09:12	0
3834198831	216.254	278.36	2(O)	09:13	0
3834198891	220.898	254.28	2(O)	09:14	0
3834198951	219.974	287.07	2(O)	09:15	0
3834199011	219.514	262.89	2(O)	09:16	0
3834199071	214.774	259.55	2(O)	09:17	0
3834199131	222.881	261.18	2(O)	09:18	0
3834199191	223.875	274.99	2(O)	09:19	0
3834199251	221.379	267.85	2(O)	09:20	0
3834199311	216.346	268.14	2(O)	09:21	0
3834199371	216.483	254.4	2(O)	09:22	0
3834199431	223.358	275.04	2(O)	09:23	0
3834199491	219.44	269.83	2(O)	09:24	0
3834199551	217.386	264.7	2(O)	09:25	0
3834199611	215.865	268.2	2(O)	09:26	0
3834199671	221.006	286.99	2(O)	09:27	0
3834199731	225.196	290.55	2(O)	09:28	0
3834199791	217.451	276.42	2(O)	09:29	0
3834199851	218.233	283.54	2(O)	09:30	0
3834199911	30.9706	238.9	2(O)	09:31	0
3834199971	20.979	30.93	2(O)	09:32	0
3834200031	20.492	32.0866	2(O)	09:33	0
3834200091	21.3515	27.5133	2(O)	09:34	0
3834200151	20.4338	26.9466	2(O)	09:35	0
3834200211	21.0638	29.8066	2(O)	09:36	0
3834200271	19.7173	26.37	2(O)	09:37	0
3834200331	19.288	30.9433	2(O)	09:38	0
3834200391	20.633	27.51	2(O)	09:39	0
3834200451	19.1458	25.8	2(O)	09:40	0
3834200511	20.9793	30.38	2(O)	09:41	0
3834200571	18.9161	25.2166	2(O)	09:42	0
3834200631	20.6346	27.5166	2(O)	09:43	0
3834200691	20.7201	30.38	2(O)	09:44	0
3834200751	268.389	575.35	2(O)	09:45	0
3834200811	508.597	584	2(O)	09:46	0
3834200871	533.148	604	2(O)	09:47	0
3834200931	514.832	582.4	2(O)	09:48	0
3834200991	521.077	577.25	2(O)	09:49	0
3834201051	521.35	633.9	2(O)	09:50	0
3834201111	515.123	578.8	2(O)	09:51	0
3834201171	513.074	604.5	2(O)	09:52	0
3834201231	507.76	587.95	2(O)	09:53	0
3834201291	520.325	590.85	2(O)	09:54	0
3834201351	521.852	579.3	2(O)	09:55	0
3834201411	515.417	575.65	2(O)	09:56	0
3834201471	518.545	578.65	2(O)	09:57	0
3834201531	527.211	611.9	2(O)	09:58	0
3834201591	518.607	621.65	2(O)	09:59	0
3834201651	521.229	611.5	2(O)	10:00	0
3834201711	523.873	610.1	2(O)	10:01	0
3834201771	455.15	621.8	2(O)	10:02	0
3834201831	219.964	592.3	2(O)	10:03	0
3834201891	19.059	25.7866	2(O)	10:04	0
3834201951	17.7403	24.0733	2(O)	10:05	0
3834202011	18.858	28.08	2(O)	10:06	0
3834202071	19.116	24.6533	2(O)	10:07	0
3834202131	18.3163	24.65	2(O)	10:08	0
3834202191	18.7128	28.07	2(O)	10:09	0
3834202251	17.8561	25.7933	2(O)	10:10	0
3834202311	17.9701	25.8	2(O)	10:11	0
3834202371	18.8581	26.3566	2(O)	10:12	0
3834202431	18.9745	27.5033	2(O)	10:13	0
3834202491	19.0581	28.0933	2(O)	10:14	0
3834202551	370.741	618.7	2(O)	10:15	0
3834202611	518.445	620.4	2(O)	10:16	0
3834202671	516.44	579.3	2(O)	10:17	0
3834202731	520.104	582.3	2(O)	10:18	0
3834202791	527.17	616.7	2(O)	10:19	0
3834202851	515.63	571.7	2(O)	10:20	0
3834202911	525.125	602.65	2(O)	10:21	0
3834202971	394.595	576.95	2(O)	10:22	0
3834203031	20.3488	29.8033	2(O)	10:23	0
3834203091	20.1185	27.5033	2(O)	10:24	0
3834203151	21.1488	29.2266	2(O)	10:25	0
3834203211	19.918	26.37	2(O)	10:26	0
3834203271	20.176	26.9366	2(O)	10:27	0
3834203331	19.2595	25.7933	2(O)	10:28	0
3834203391	0	0.0562	2(O)	10:29	0
3834203451	0	0	2(O)	10:30	0
3834203511	0	0	2(O)	10:31	0
3834203571	0	0	2(O)	10:32	0
3834203631	0	0	2(O)	10:33	0
3834203691	0	0	2(O)	10:34	0
3834203751	0	0	2(O)	10:35	0
3834203811	0	0	2(O)	10:36	0
3834203871	0	0	2(O)	10:37	0
3834203931	0	0	2(O)	10:38	0
3834203991	0.0286	0.2457	2(O)	10:39	0
3834204051	0	0	2(O)	10:40	0
3834204111	0	0	2(O)	10:41	0
3834204171	0	0	2(O)	10:42	0
3834204231	0	0	2(O)	10:43	0
3834204291	0	0	2(O)	10:44	0
3834204351	0	0	2(O)	10:45	0
3834204411	0	0	2(O)	10:46	0
3834204471	0	0	2(O)	10:47	0
3834204531	0	0	2(O)	10:48	0
3834204591	0	0	2(O)	10:49	0
3834204651	0	0	2(O)	10:50	0
3834204711	0	0	2(O)	10:51	0
3834204771	0	0	2(O)	10:52	0
3834204831	0	0	2(O)	10:53	0
3834204891	0	0	2(O)	10:54	0
3834204951	0.0286	0.2457	2(O)	10:55	0
3834205011	0	0	2(O)	10:56	0
3834205071	0	0	2(O)	10:57	0
3834205131	0	0	2(O)	10:58	0
3834205191	0	0	2(O)	10:59	0
3834205251	0	0	2(O)	11:00	0
3834205311	0	0	2(O)	11:01	0
3834205371	0	0	2(O)	11:02	0
3834205431	6.077	19.4933	2(O)	11:03	0
3834205491	19.7753	28.6566	2(O)	11:04	0
3834205551	16.9088	25.21	2(O)	11:05	0
3834205611	14.7611	21.7833	2(O)	11:06	0
3834205671	16.768	23.5033	2(O)	11:07	0
3834205731	17.0821	22.9233	2(O)	11:08	0
3834205791	17.2553	23.5033	2(O)	11:09	0
3834205851	16.2225	22.92	2(O)	11:10	0
3834205910	16.6521	21.7866	2(O)	11:11	0
3834205970	20.005	31.5233	2(O)	11:12	0
3834206030	44.5961	379.6	2(O)	11:13	0
3834206090	365.272	405.5	2(O)	11:14	0
3834206150	358.726	467.45	2(O)	11:15	0
3834206210	360.55	451.95	2(O)	11:16	0
3834206270	363.03	402.15	2(O)	11:17	0
3834206330	356.884	412.4	2(O)	11:18	0
3834206390	359.002	407.25	2(O)	11:19	0
3834206450	362.04	433.15	2(O)	11:20	0
3834206510	367.129	427.9	2(O)	11:21	0
3834206570	365.293	415.84	2(O)	11:22	0
3834206630	366.577	450.2	2(O)	11:23	0
3834206690	364.811	458.9	2(O)	11:24	0
3834206750	334.934	414.05	2(O)	11:25	0
3834206810	270.084	350.45	2(O)	11:26	0
3834206870	227.656	305.74	2(O)	11:27	0
3834206930	293.342	345.35	2(O)	11:28	0
3834206990	334.729	396.95	2(O)	11:29	0
3834207050	362.85	414.09	2(O)	11:30	0
3834207110	370.27	414.1	2(O)	11:31	0
3834207170	364.811	440	2(O)	11:32	0
3834207230	370.932	414.1	2(O)	11:33	0
3834207290	328.226	428.05	2(O)	11:34	0
3834207350	356.027	460.55	2(O)	11:35	0
3834207410	367.937	429.65	2(O)	11:36	0
3834207470	366.338	429.65	2(O)	11:37	0
3834207530	370.143	426.1	2(O)	11:38	0
3834207590	364.7	438.15	2(O)	11:39	0
3834207650	365.084	431.3	2(O)	11:40	0
3834207710	362.108	419.3	2(O)	11:41	0
3834207770	358.765	427.85	2(O)	11:42	0
3834207830	361.106	420.95	2(O)	11:43	0
3834207890	363.42	445.15	2(O)	11:44	0
3834207950	72.0931	410.8	2(O)	11:45	0
3834208010	325.224	405.5	2(O)	11:46	0
3834208070	358.165	470.9	2(O)	11:47	0
3834208130	363.278	424.55	2(O)	11:48	0
3834208190	361.196	419.29	2(O)	11:49	0
3834208250	365.721	448.55	2(O)	11:50	0
3834208310	366.684	414	2(O)	11:51	0
3834208370	358.28	422.75	2(O)	11:52	0
3834208430	360.35	403.9	2(O)	11:53	0
3834208490	365.462	422.7	2(O)	11:54	0
3834208550	119.376	396.9	2(O)	11:55	0
3834208610	0	0	2(O)	11:56	0
3834208670	0.086	0.4914	2(O)	11:57	0
3834208730	0	0.1125	2(O)	11:58	0
3834208790	0	0	2(O)	11:59	0
3834208850	0	0	2(O)	12:00	0
3834208910	0	0	2(O)	12:01	0
3834208970	0	0	2(O)	12:02	0
3834209030	0	0	2(O)	12:03	0
3834209090	0.0286	0.2457	2(O)	12:04	0
3834209150	14.4458	20.6366	2(O)	12:05	0
3834209210	18.831	30.9333	2(O)	12:06	0
3834209270	20.543	135.61	2(O)	12:07	0
3834209330	320.792	386.55	2(O)	12:08	0
3834209390	291.195	348.85	2(O)	12:09	0
3834209450	242.933	303.95	2(O)	12:10	0
3834209510	190.832	257.7	2(O)	12:11	0
3834209570	17.9418	27.5066	2(O)	12:12	0
3834209630	16.8788	36.0866	2(O)	12:13	0
3834209690	15.9935	21.21	2(O)	12:14	0
3834209750	16.624	23.5033	2(O)	12:15	0
3834209810	16.396	21.21	2(O)	12:16	0
3834209870	16.653	22.93	2(O)	12:17	0
3834209930	17.4548	23.5	2(O)	12:18	0
3834209990	16.5381	21.7833	2(O)	12:19	0
3834210050	17.9121	26.3633	2(O)	12:20	0
3834210110	16.9108	24.65	2(O)	12:21	0
3834210170	17.0821	25.2166	2(O)	12:22	0
3834210230	15.5921	21.7833	2(O)	12:23	0
3834210290	16.3083	22.9333	2(O)	12:24	0
3834210350	17.3688	25.7966	2(O)	12:25	0
3834210410	16.6821	24.0766	2(O)	12:26	0
3834210470	17.6831	22.3566	2(O)	12:27	0
3834210530	15.7356	21.21	2(O)	12:28	0
3834210590	16.8518	24.6433	2(O)	12:29	0
3834210650	16.68	24.65	2(O)	12:30	0
3834210710	16.9106	22.3533	2(O)	12:31	0
3834210770	17.3396	23.4933	2(O)	12:32	0
3834210830	17.1116	22.9333	2(O)	12:33	0
3834210890	16.91	21.2133	2(O)	12:34	0
3834210950	16.6801	22.92	2(O)	12:35	0
3834211010	16.7953	25.2166	2(O)	12:36	0
3834211070	16.9946	22.3566	2(O)	12:37	0
3834211130	15.6505	22.3566	2(O)	12:38	0
3834211190	16.7653	22.35	2(O)	12:39	0
3834211250	16.6813	21.7766	2(O)	12:40	0
3834211310	16.7951	23.5033	2(O)	12:41	0
3834211370	16.6803	23.4966	2(O)	12:42	0
3834211430	18.0838	23.4966	2(O)	12:43	0
3834211490	15.9075	22.9266	2(O)	12:44	0
3834211550	16.4231	24.6466	2(O)	12:45	0
3834211610	16.0508	24.0633	2(O)	12:46	0
3834211670	15.1898	22.3566	2(O)	12:47	0
3834211730	16.7381	24.6433	2(O)	12:48	0
3834211790	15.9363	24.08	2(O)	12:49	0
3834211850	16.7383	22.3566	2(O)	12:50	0
3834211910	17.4555	23.5033	2(O)	12:51	0
3834211970	16.7956	25.2266	2(O)	12:52	0
3834212030	15.1623	22.9233	2(O)	12:53	0
3834212090	17.6831	24.6433	2(O)	12:54	0
3834212150	17.8558	24.0766	2(O)	12:55	0
3834212210	16.0225	29.23	2(O)	12:56	0
3834212270	17.0538	24.6433	2(O)	12:57	0
3834212330	16.8253	22.9266	2(O)	12:58	0
3834212390	16.7371	21.77	2(O)	12:59	0
3834212450	17.1403	24.6533	2(O)	13:00	0
3834212510	16.45	25.2166	2(O)	13:01	0
3834212570	16.4511	24.0733	2(O)	13:02	0
3834212630	17.3678	22.36	2(O)	13:03	0
3834212690	16.4235	24.6466	2(O)	13:04	0
3834212750	16.6806	23.4933	2(O)	13:05	0
3834212810	16.9651	26.3633	2(O)	13:06	0
3834212870	15.0478	20.0666	2(O)	13:07	0
3834212930	15.132	20.05	2(O)	13:08	0
3834212990	16.7081	24.63	2(O)	13:09	0
3834213050	15.1053	23.5033	2(O)	13:10	0
3834213110	0	0.3214	2(O)	13:11	0
3834213170	0	0	2(O)	13:12	0
3834213230	0	0	2(O)	13:13	0
3834213290	0	0	2(O)	13:14	0
3834213350	0	0	2(O)	13:15	0
3834213410	0	0	2(O)	13:16	0
3834213470	0	0	2(O)	13:17	0
3834213530	0	0	2(O)	13:18	0
3834213590	0	0	2(O)	13:19	0
3834213650	0	0	2(O)	13:20	0
3834213710	0	0	2(O)	13:21	0
3834213770	0.0286	0.2457	2(O)	13:22	0
3834213830	0	0	2(O)	13:23	0
3834213890	0	0	2(O)	13:24	0
3834213950	0	0	2(O)	13:25	0
3834214010	0	0	2(O)	13:26	0
3834214070	0	0	2(O)	13:27	0
3834214130	0	0	2(O)	13:28	0
3834214190	0.0286	0.2457	2(O)	13:29	0
3834214250	0	0	2(O)	13:30	0
3834214310	0	0	2(O)	13:31	0
3834214370	0	0	2(O)	13:32	0
3834214430	0.0286	0.2457	2(O)	13:33	0
3834214490	0	0	2(O)	13:34	0
3834214550	0	0	2(O)	13:35	0
3834214610	0	0	2(O)	13:36	0
3834214670	0	0	2(O)	13:37	0
3834214730	0	0	2(O)	13:38	0
3834214790	0	0	2(O)	13:39	0
3834214850	0.0286	0.2457	2(O)	13:40	0
3834214910	0	0	2(O)	13:41	0
3834214970	0.0286	0.2457	2(O)	13:42	0
3834215030	0	0	2(O)	13:43	0
3834215090	0	0	2(O)	13:44	0
3834215150	0	0	2(O)	13:45	0
3834215210	0	0	2(O)	13:46	0
3834215270	0	0	2(O)	13:47	0
3834215330	0	0	2(O)	13:48	0
3834215390	0	0	2(O)	13:49	0
3834215450	0	0	2(O)	13:50	0
3834215510	0	0	2(O)	13:51	0
3834215570	0	0	2(O)	13:52	0
3834215630	0	0	2(O)	13:53	0
3834215690	0	0	2(O)	13:54	0
3834215750	0	0	2(O)	13:55	0
3834215810	0.0286	0.2457	2(O)	13:56	0
3834215870	0	0.1125	2(O)	13:57	0
3834215930	0	0	2(O)	13:58	0
3834215989	0	0	2(O)	13:59	0
3834216049	0	0	2(O)	14:00	0
3834216109	0	0	2(O)	14:01	0
3834216169	0	0	2(O)	14:02	0
3834216229	0	0	2(O)	14:03	0
3834216289	0	0	2(O)	14:04	0
3834216349	0	0	2(O)	14:05	0
3834216409	0	0	2(O)	14:06	0
3834216469	0	0	2(O)	14:07	0
3834216529	0	0	2(O)	14:08	0
3834216589	0	0	2(O)	14:09	0
3834216649	0	0	2(O)	14:10	0
3834216709	0	0	2(O)	14:11	0
3834216769	0	0	2(O)	14:12	0
3834216829	0	0	2(O)	14:13	0
3834216889	0	0	2(O)	14:14	0
3834216949	0	0	2(O)	14:15	0
3834217009	0	0	2(O)	14:16	0
3834217069	0	0	2(O)	14:17	0
3834217129	0	0	2(O)	14:18	0
3834217189	0	0	2(O)	14:19	0
3834217249	0	0	2(O)	14:20	0
3834217309	0	0	2(O)	14:21	0
3834217369	0	0	2(O)	14:22	0
3834217429	0	0	2(O)	14:23	0
3834217489	0	0	2(O)	14:24	0
3834217549	0	0	2(O)	14:25	0
3834217609	0	0	2(O)	14:26	0
3834217669	0	0	2(O)	14:27	0
3834217729	0	0	2(O)	14:28	0
3834217789	0	0	2(O)	14:29	0
3834217849	0	0	2(O)	14:30	0
3834217909	0	0	2(O)	14:31	0
3834217969	0	0	2(O)	14:32	0
3834218029	0	0	2(O)	14:33	0
3834218089	0	0	2(O)	14:34	0
3834218149	0	0	2(O)	14:35	0
3834218209	0	0	2(O)	14:36	0
3834218269	0	0	2(O)	14:37	0
3834218329	0	0	2(O)	14:38	0
3834218389	0	0	2(O)	14:39	0
3834218449	0	0	2(O)	14:40	0
3834218509	0	0	2(O)	14:41	0
3834218569	0	0	2(O)	14:42	0
3834218629	0	0	2(O)	14:43	0
3834218689	0	0	2(O)	14:44	0
3834218749	0.0286	0.2457	2(O)	14:45	0
3834218809	0	0	2(O)	14:46	0
3834218869	0	0	2(O)	14:47	0
3834218929	0	0	2(O)	14:48	0
3834218989	0	0	2(O)	14:49	0
3834219049	0.0286	0.2457	2(O)	14:50	0
3834219109	0	0	2(O)	14:51	0
3834219169	0	0	2(O)	14:52	0
3834219229	0	0	2(O)	14:53	0
3834219289	0	0	2(O)	14:54	0
3834219349	0.0573	0.2457	2(O)	14:55	0
3834219409	0.0573	0.2457	2(O)	14:56	0
3834219469	0	0	2(O)	14:57	0
3834219529	0	0	2(O)	14:58	0
3834219589	0	0	2(O)	14:59	0
3834219649	0	0	2(O)	15:00	0
3834219709	0	0	2(O)	15:01	0
3834219769	0	0	2(O)	15:02	0
3834219829	0	0	2(O)	15:03	0
3834219889	0	0	2(O)	15:04	0
3834219949	0	0	2(O)	15:05	0
3834220009	0	0	2(O)	15:06	0
3834220069	0	0	2(O)	15:07	0
3834220129	0	0	2(O)	15:08	0
3834220189	0	0	2(O)	15:09	0
3834220249	0	0	2(O)	15:10	0
3834220309	0	0	2(O)	15:11	0
3834220369	0	0	2(O)	15:12	0
3834220429	0	0	2(O)	15:13	0
3834220489	0	0	2(O)	15:14	0
3834220549	0	0	2(O)	15:15	0
3834220609	0	0	2(O)	15:16	0
3834220669	0	0	2(O)	15:17	0
3834220729	0	0	2(O)	15:18	0
3834220789	12.296	23.4933	2(O)	15:19	0
3834220849	20.5766	27.5133	2(O)	15:20	0
3834220909	19.0015	24.08	2(O)	15:21	0
3834220969	16.2801	26.9466	2(O)	15:22	0
3834221029	17.4265	22.9333	2(O)	15:23	0
3834221089	17.111	24.07	2(O)	15:24	0
3834221149	17.5108	22.9266	2(O)	15:25	0
3834221209	17.1966	25.7933	2(O)	15:26	0
3834221269	16.8251	23.5033	2(O)	15:27	0
3834221329	18.286	24.0733	2(O)	15:28	0
3834221389	17.397	24.6433	2(O)	15:29	0
3834221449	16.5955	25.79	2(O)	15:30	0
3834221509	17.4266	25.2233	2(O)	15:31	0
3834221569	17.6833	22.93	2(O)	15:32	0
3834221629	18.572	25.2133	2(O)	15:33	0
3834221689	19.1166	25.7933	2(O)	15:34	0
3834221749	19.03	30.3733	2(O)	15:35	0
3834221809	18.1993	24.6466	2(O)	15:36	0
3834221869	18.8861	25.22	2(O)	15:37	0
3834221929	18.543	26.36	2(O)	15:38	0
3834221989	37.695	137.47	2(O)	15:39	0
3834222049	31.9688	44.6899	2(O)	15:40	0
3834222109	48.0553	151.1	2(O)	15:41	0
3834222169	31.9671	58.46	2(O)	15:42	0
3834222229	31.6528	56.69	2(O)	15:43	0
3834222289	34.6028	51.5999	2(O)	15:44	0
3834222349	34.7213	106.57	2(O)	15:45	0
3834222409	33.4571	104.8	2(O)	15:46	0
3834222469	35.8008	99.66	2(O)	15:47	0
3834222529	34.202	53.29	2(O)	15:48	0
3834222589	31.2248	44.1266	2(O)	15:49	0
3834222649	37.609	128.88	2(O)	15:50	0
3834222709	33.0828	55.0099	2(O)	15:51	0
3834222769	33.6031	104.81	2(O)	15:52	0
3834222829	31.1666	55.0399	2(O)	15:53	0
3834222889	32.5705	46.3833	2(O)	15:54	0
3834222949	38.3288	104.86	2(O)	15:55	0
3834223009	90.8618	120.26	2(O)	15:56	0
3834223069	87.5311	113.41	2(O)	15:57	0
3834223129	89.0231	115.19	2(O)	15:58	0
3834223189	88.6129	115.09	2(O)	15:59	0
3834223249	89.4776	118.6	2(O)	16:00	0
3834223309	82.7806	106.52	2(O)	16:01	0
3834223369	17.711	26.34	2(O)	16:02	0
3834223429	96.4949	209.67	2(O)	16:03	0
3834223489	157.432	199.3	2(O)	16:04	0
3834223549	158.897	202.88	2(O)	16:05	0
3834223609	157.688	199.28	2(O)	16:06	0
3834223669	218.951	391.8	2(O)	16:07	0
3834223729	367.186	424.45	2(O)	16:08	0
3834223789	366.512	427.9	2(O)	16:09	0
3834223849	362.235	422.7	2(O)	16:10	0
3834223909	369.931	422.75	2(O)	16:11	0
3834223969	370.928	428.05	2(O)	16:12	0
3834224029	364.336	422.65	2(O)	16:13	0
3834224089	369.189	422.65	2(O)	16:14	0
3834224149	366.771	427.85	2(O)	16:15	0
3834224209	365.397	433.04	2(O)	16:16	0
3834224269	369.259	436.55	2(O)	16:17	0
3834224329	370.185	429.6	2(O)	16:18	0
3834224389	365.56	445	2(O)	16:19	0
3834224449	365.681	417.65	2(O)	16:20	0
3834224509	368.485	422.79	2(O)	16:21	0
3834224569	371.843	426.25	2(O)	16:22	0
3834224629	363.299	433.05	2(O)	16:23	0
3834224689	366.068	420.9	2(O)	16:24	0
3834224749	371.12	438.25	2(O)	16:25	0
3834224809	367.565	446.85	2(O)	16:26	0
3834224869	368.36	433.15	2(O)	16:27	0
3834224929	378.121	426.1	2(O)	16:28	0
3834224989	367.323	427.8	2(O)	16:29	0
3834225049	370.891	450.2	2(O)	16:30	0
3834225109	362.703	412.4	2(O)	16:31	0
3834225169	367.137	441.55	2(O)	16:32	0
3834225229	367.727	429.57	2(O)	16:33	0
3834225289	366.88	438.35	2(O)	16:34	0
3834225349	366.075	429.5	2(O)	16:35	0
3834225409	377.508	422.65	2(O)	16:36	0
3834225469	369.661	446.49	2(O)	16:37	0
3834225529	371.672	433.1	2(O)	16:38	0
3834225589	370.801	458.85	2(O)	16:39	0
3834225649	367.62	428	2(O)	16:40	0
3834225709	373.554	450.2	2(O)	16:41	0
3834225769	368.629	433.1	2(O)	16:42	0
3834225829	366.823	426.1	2(O)	16:43	0
3834225889	373.55	436.45	2(O)	16:44	0
3834225949	375.12	419.25	2(O)	16:45	0
3834226009	356.78	417.5	2(O)	16:46	0
3834226069	365.755	432.95	2(O)	16:47	0
3834226129	369.844	460.55	2(O)	16:48	0
3834226189	367.942	415.8	2(O)	16:49	0
3834226248	364.96	417.6	2(O)	16:50	0
3834226308	371.91	441.6	2(O)	16:51	0
3834226368	372.03	424.3	2(O)	16:52	0
3834226428	374.87	433.15	2(O)	16:53	0
3834226488	376.805	452	2(O)	16:54	0
3834226548	127.893	403.65	2(O)	16:55	0
3834226608	17.799	26.3733	2(O)	16:56	0
3834226668	19.4598	25.7966	2(O)	16:57	0
3834226729	19.802	26.37	2(O)	16:58	0
3834226789	360.613	402.14	2(O)	16:59	0
3834226849	319.936	420.9	2(O)	17:00	0
3834226908	322.476	424.45	2(O)	17:01	0
3834226968	367.031	426.25	2(O)	17:02	0
3834227028	373.607	450.25	2(O)	17:03	0
3834227088	367.242	445.1	2(O)	17:04	0
3834227148	377.991	424.5	2(O)	17:05	0
3834227208	371.456	443.35	2(O)	17:06	0
3834227268	373.299	431.3	2(O)	17:07	0
3834227329	369.174	448.45	2(O)	17:08	0
3834227389	367.276	434.65	2(O)	17:09	0
3834227449	363.65	414.05	2(O)	17:10	0
3834227509	371.86	445.15	2(O)	17:11	0
3834227569	368.881	436.5	2(O)	17:12	0
3834227628	367.767	426.3	2(O)	17:13	0
3834227688	368.599	433.05	2(O)	17:14	0
3834227748	368.634	422.7	2(O)	17:15	0
3834227809	368.151	434.7	2(O)	17:16	0
3834227869	361.295	417.65	2(O)	17:17	0
3834227929	364.815	419.25	2(O)	17:18	0
3834227989	175.902	346.95	2(O)	17:19	0
3834228049	140.034	192.46	2(O)	17:20	0
3834228109	154.517	202.75	2(O)	17:21	0
3834228169	158.618	201.11	2(O)	17:22	0
3834228229	155.081	216.5	2(O)	17:23	0
3834228288	161.824	201.05	2(O)	17:24	0
3834228349	160.037	211.43	2(O)	17:25	0
3834228409	162.026	195.87	2(O)	17:26	0
3834228469	158.64	195.92	2(O)	17:27	0
3834228529	162.015	197.57	2(O)	17:28	0
3834228589	157.956	206.18	2(O)	17:29	0
3834228649	158.818	190.71	2(O)	17:30	0
3834228709	156.292	201.01	2(O)	17:31	0
3834228769	160.909	220	2(O)	17:32	0
3834228829	160.773	195.82	2(O)	17:33	0
3834228889	153.252	194.13	2(O)	17:34	0
3834228949	158.348	199.34	2(O)	17:35	0
3834229009	160.3	190.7	2(O)	17:36	0
3834229069	160.508	202.75	2(O)	17:37	0
3834229129	162.279	199.34	2(O)	17:38	0
3834229189	161.562	204.44	2(O)	17:39	0
3834229249	162.302	194.18	2(O)	17:40	0
3834229309	162.021	211.35	2(O)	17:41	0
3834229369	166.382	216.5	2(O)	17:42	0
3834229429	164.234	223.48	2(O)	17:43	0
3834229489	156.81	211.32	2(O)	17:44	0
3834229549	159.847	207.97	2(O)	17:45	0
3834229609	86.1553	201.05	2(O)	17:46	0
3834229669	26.2713	185.51	2(O)	17:47	0
3834229729	0	0.45	2(O)	17:48	0
3834229789	0	0	2(O)	17:49	0
3834229849	0	0	2(O)	17:50	0
3834229909	0	0	2(O)	17:51	0
3834229969	0	0	2(O)	17:52	0
3834230029	0	0	2(O)	17:53	0
3834230089	0	0	2(O)	17:54	0
3834230149	0	0	2(O)	17:55	0
3834230209	0	0	2(O)	17:56	0
3834230269	0	0	2(O)	17:57	0
3834230329	0	0	2(O)	17:58	0
3834230389	0	0	2(O)	17:59	0
3834230449	0	0	2(O)	18:00	0
3834230509	0	0	2(O)	18:01	0
